97,90689	91,72906
1,69649	78,02402
61,49121	25,02835
17,01992	96,71949
16,13295	10,72035
85,25484	7,19519
28,87055	38,71125
24,57996	46,63987
17,92852	87,69845
64,29610	67,55603
67,21555	6,43560
10,02234	29,05256
14,94576	33,04977
17,69070	36,65856
51,09066	48,27559
56,21336	93,95469
8,85774	9,74071
71,99649	75,90082
76,50503	81,33153
42,40123	45,94538
87,53887	54,18767
19,80259	16,83406
69,70591	54,01826
23,07317	98,49258
46,17820	43,20235
29,11930	85,44000
85,94384	55,53076
53,52275	10,89647
94,65369	46,46573
86,39242	35,08107
22,03807	2,43970
67,20560	41,15242
37,49566	28,98364
40,71982	83,82701
91,57000	29,37035
34,96148	72,91686
37,76736	92,97721
41,84864	76,86068
36,53300	35,71784
61,18104	99,77897
1,19103	73,66126
89,53104	19,66645
74,26663	65,35194
96,99520	75,04141
41,84730	28,36368
36,81679	52,70411
3,50342	21,26441
75,56540	60,21326
15,77639	83,43912
14,86069	63,27154
18,35630	42,11216
99,55279	30,41823
33,80883	28,42989
71,82308	55,25921
4,07486	92,60927
35,84450	19,92120
89,95424	71,92732
43,44144	22,49967
13,39852	44,72102
97,61516	15,97640
66,67593	98,58677
97,85126	96,41510
47,33473	51,61301
18,80166	34,20018
3,37978	91,74917
22,23431	63,66611
89,19035	41,30856
51,06947	33,67159
39,44516	11,12254
43,87246	74,50490
65,68440	82,00753
38,34841	54,96387
68,12641	39,97635
3,18509	87,53582
33,97012	96,01952
49,01629	89,30996
62,65264	41,30196
21,32828	21,58664
18,39462	24,26486
70,80824	12,10517
60,85427	87,39228
29,93394	10,39342
45,82429	68,29620
98,53005	38,95013
19,64422	52,29370
55,56689	80,80228
53,36386	61,79406
69,65361	87,43720
75,68198	81,58350
76,47814	0,19121
67,29748	48,48940
27,87250	52,88331
73,54873	78,92581
94,23237	63,81481
77,07987	68,46622
19,69597	31,21254
47,76145	73,85924
87,78789	17,77543
53,20553	79,79752
54,15933	47,19146
69,95438	60,26937
42,60705	38,32353
82,78439	67,46760
80,72896	71,22041
97,55581	19,99912
72,37531	13,19055
21,65175	16,53380
65,47996	32,88371
85,28829	71,05023
75,90711	95,65742
86,84090	51,48096
70,62473	64,46219
45,82055	4,82892
96,81655	27,06170
38,24629	68,72160
67,47038	32,61082
70,89910	1,88885
78,53120	48,44667
23,30558	14,19491
37,88336	41,40491
49,28768	40,62453
32,22696	47,05528
83,52860	83,01789
44,33916	14,95774
42,84275	38,36831
60,26222	8,37230
46,70133	43,14144
73,63545	92,81291
7,05305	89,34401
2,68946	69,41762
53,59308	9,96485
84,34659	96,31440
67,37139	88,93043
99,42226	93,99392
92,99497	23,86158
13,09779	49,15765
87,66684	58,68776
85,63604	15,59182
43,91780	7,56958
19,73691	60,32454
92,12537	11,60003
62,98057	18,65561
48,77752	5,39919
76,48216	2,60563
26,92711	21,98683
14,18230	53,91271
66,39633	31,21189
31,12370	44,91265
73,02839	89,53726
53,61479	8,46994
78,64761	77,12282
99,35732	21,58439
46,37654	11,91936
31,41522	76,37987
49,57275	59,88034
66,32837	46,88913
46,88578	5,41812
33,72519	0,38010
60,79807	6,87577
2,46400	7,92672
42,50219	38,05512
46,63395	80,50890
72,07980	8,73626
23,67181	94,13348
99,68588	64,64307
76,40207	70,30013
80,80555	90,45421
50,98316	46,59293
96,63855	78,22820
43,54383	6,26066
79,28003	78,00600
49,71911	35,35567
80,60455	17,37379
93,34632	41,33336
33,62338	62,41349
53,25725	97,97128
55,57353	93,73781
90,40347	78,04881
33,11022	88,20124
1,47745	97,43562
11,71282	29,39800
89,74307	22,06888
83,77742	18,20252
48,96470	82,75647
32,85771	18,37722
2,12496	1,82528
45,12886	51,66747
23,04712	60,34077
43,38766	51,82252
96,08846	24,95617
33,76518	97,62626
36,74740	9,40639
80,81668	71,29080
4,32722	67,24404
42,76675	30,46058
86,72559	99,62186
5,42588	39,59433
26,96956	14,75789
50,65793	79,63645
91,29150	94,17683
83,26645	43,65921
49,34247	4,90290
18,78073	30,55156
48,56484	46,48673
3,86110	68,84985
16,79738	37,08073
0,90604	38,45030
19,86114	23,73444
18,93207	9,21272
34,17581	48,66345
13,91054	82,35936
68,38166	15,45235
13,48395	3,09230
82,49306	76,98443
43,34739	10,99744
8,28539	10,34775
45,56932	8,57261
70,41798	53,04912
82,73884	57,61180
44,22121	49,57486
16,06533	58,19717
63,12713	97,66894
30,41892	25,69495
6,39839	89,65636
54,78951	57,42076
56,11117	15,72141
92,75427	72,53470
11,27360	33,25786
34,28273	16,24588
86,51192	9,23963
67,57129	42,55047
2,93243	11,01818
47,58751	28,49729
99,56798	55,03419
6,61771	27,36912
55,24367	22,63872
11,34986	38,18748
12,74711	17,55072
80,88670	54,59349
39,86437	70,43492
80,57273	57,42641
45,14356	92,66614
97,63165	32,21660
90,17387	43,55308
86,34919	25,32855
4,71836	3,12675
42,89978	0,63477
16,21498	36,05555
32,90342	22,37032
50,96080	91,33133
48,41265	69,21272
50,72024	7,07745
15,26778	79,65117
75,54911	80,16225
6,62169	39,35384
31,30160	16,25803
43,92391	47,51127
68,58864	97,56792
82,76697	41,02865
48,88153	92,64991
87,73614	12,95907
63,00547	85,59947
97,76723	34,71467
17,44373	20,30906
71,50515	80,36176
74,67364	39,60498
80,76931	55,70083
45,18149	48,76900
89,47026	54,85183
80,85427	48,28428
15,18519	2,70943
12,12193	61,60201
21,08821	92,90281
4,52446	30,30744
27,04464	97,78888
84,30420	61,27070
60,41675	9,52729
97,17423	88,20017
89,49174	69,43037
19,58971	53,47296
95,43105	56,55043
37,64966	25,19913
42,25323	35,86148
45,18261	39,18347
98,60111	11,41201
89,62021	95,78039
49,90700	90,46990
11,93860	47,59485
15,05830	40,95015
85,24850	85,56404
47,77872	16,31051
55,54015	68,16157
59,67910	29,61990
27,64061	41,29821
49,29471	81,64869
19,61635	64,94981
59,41425	86,59971
29,65494	96,62556
13,61936	93,49325
20,88546	81,49634
2,19130	71,23898
31,64796	64,33529
97,40499	11,07195
61,39824	69,37953
78,71890	1,29985
65,73472	90,80400
39,48241	46,20273
17,96030	98,70569
28,52069	33,44623
59,14251	93,32822
52,32032	2,51387
63,81149	33,71381
26,52718	30,43329
94,23557	26,05211
19,08158	30,46614
2,64053	81,70176
71,55349	54,45057
67,78908	45,19310
20,10455	0,13008
20,01290	48,47725
62,99130	51,07171
17,09057	69,26881
37,63765	18,67149
82,29026	58,53654
77,04298	13,26402
5,44688	55,02835
12,65510	44,49835
38,11943	23,17402
78,82613	39,91100
84,67463	34,79100
52,58223	75,02225
2,56906	64,72585
31,67656	28,30090
77,15263	85,89559
13,75822	9,98737
28,99211	30,15077
89,97789	65,03452
45,01404	27,96350
7,46460	17,32027
98,69236	52,15120
86,84590	4,80523
39,05666	68,67861
3,34745	53,45358
83,47293	41,03769
52,99576	51,50454
44,94926	43,78712
29,06168	15,07664
61,14499	15,53998
28,12017	81,10618
69,31223	22,02053
89,96515	24,26628
89,07490	5,76765
51,10673	70,78184
33,25068	70,64485
57,69118	73,95087
65,84771	86,52363
40,42244	23,70176
65,91791	2,33908
1,42717	85,66073
36,12527	24,17352
0,99360	3,97330
15,68767	49,10623
60,72780	56,51805
18,77705	45,27403
18,90922	21,17049
21,51311	33,91993
83,69066	97,41944
63,36181	60,16355
30,27601	28,90781
12,05062	35,80972
79,32261	89,36421
65,03816	99,71797
75,55310	26,91131
25,12675	69,08825
57,92498	9,88155
92,98227	48,47495
75,69466	81,04012
65,12619	22,42334
58,32554	6,50974
12,39078	82,32971
91,42847	0,71155
40,87906	28,45831
85,78576	19,28040
5,14695	44,00550
51,99864	38,18292
51,62563	59,68332
9,41097	79,16105
19,22840	14,50178
64,70048	99,14309
13,63646	71,26126
92,89206	34,40911
1,93434	63,72341
41,53588	79,06705
45,06628	36,51095
57,40646	81,79022
97,01052	88,49378
4,31701	64,78653
51,61958	45,75101
0,50670	4,61442
10,75001	71,15518
54,54675	65,72977
80,60612	64,20749
19,82465	44,54286
77,14797	16,95938
19,40382	64,28365
35,96446	69,68823
15,41961	59,11856
77,18847	53,45167
10,16073	99,73121
71,83157	15,72729
69,59822	41,97407
92,34149	0,05140
54,36281	25,21781
7,23680	90,90247
28,03448	7,66928
97,34831	41,03223
88,09626	2,19889
29,49821	70,02897
31,01797	68,11252
22,37329	60,10507
19,67346	21,82263
78,89938	77,93247
68,65833	52,51798
39,60031	19,80703
1,06368	67,70047
32,22489	11,50469
58,87414	47,85268
54,35182	93,89935
68,39726	59,51874
27,73259	90,74449
71,99439	61,72602
5,80881	85,97747
37,87134	41,94448
99,14072	34,48769
50,80066	34,67514
7,40967	92,49644
68,38544	8,27858
11,20808	81,52883
99,83798	53,79909
82,00615	93,41469
27,23478	73,30931
14,48533	2,83778
42,82274	44,69508
71,85454	78,65936
20,18968	34,81948
61,81555	75,57451
71,97556	43,64976
28,52017	43,61627
72,28904	88,20023
54,16222	14,60508
38,10740	77,03884
12,77337	11,84768
70,67602	83,62469
8,34266	82,22195
55,28691	99,88808
59,55499	68,24098
5,80415	40,23457
64,24521	21,77181
18,91725	70,54868
88,08963	10,79137
72,34187	56,79272
74,10805	85,89393
61,05044	63,44043
62,22475	54,22174
16,10371	83,25505
41,43805	55,07229
91,76736	46,81554
31,07364	43,64280
38,33617	42,71461
2,14752	67,20454
0,45159	77,49636
5,04057	61,45663
93,68655	18,17120
65,48715	3,89094
15,78517	89,54008
47,30609	35,70680
43,18264	43,57950
57,35327	4,14635
48,29439	78,78362
85,85065	83,07807
48,55162	63,62892
33,54740	1,23852
64,27372	10,22171
76,09470	44,74895
19,20617	51,70821
55,56637	3,35566
64,91613	0,17135
69,23339	98,30010
48,22589	0,50813
46,50113	63,80647
69,47777	50,17583
66,34392	53,88186
98,66233	24,71499
69,62223	11,45587
26,30517	34,60131
63,34376	67,84380
26,49547	40,24861
97,23026	37,09930
0,55322	68,87917
16,87783	32,02970
51,57006	9,49739
62,34929	56,47901
12,42184	10,34729
86,21272	21,94082
12,83977	67,00394
10,84145	95,64520
24,73961	68,64323
31,21616	11,97079
69,24735	65,05424
96,52080	69,36536
3,72250	27,60265
71,49978	90,91508
32,56887	3,62350
86,84452	48,28474
1,73568	5,61588
36,80337	35,95832
43,55023	34,13180
71,75972	35,54121
35,88672	6,39596
63,69868	28,34250
27,66398	51,46272
93,28383	98,53765
61,27814	37,11109
18,69094	18,91919
91,81470	13,69799
38,39675	26,57476
62,74757	95,83478
52,79623	76,78897
48,32096	54,02134
62,82296	10,04782
13,92352	55,26672
17,67275	79,23104
77,50195	74,24472
38,28152	61,91009
77,42503	94,67753
98,38423	26,12637
65,19708	34,40985
40,78238	27,10634
45,03315	57,03053
42,87352	87,07728
76,54653	77,91844
22,54681	50,67934
41,66257	33,23357
93,22452	14,42673
52,36085	56,64404
35,13031	0,25270
41,96130	0,47423
48,79052	80,38037
39,40786	45,47873
96,32600	63,59295
73,36679	66,59129
16,26721	21,43452
90,94492	60,76771
18,42668	66,95412
4,44636	97,43574
26,78827	98,31315
98,82464	22,08504
40,42362	84,90801
42,35024	29,17444
25,12195	4,61707
43,50222	21,80345
31,72025	37,36299
88,20526	92,48947
61,04643	82,38834
73,27254	91,91157
59,93895	94,47484
24,27734	0,62646
37,98239	27,79313
49,06512	82,53156
40,39881	35,15242
31,73092	78,24481
98,96077	95,12610
16,12500	91,59027
9,84285	29,86155
62,81341	33,02310
55,00376	32,33947
88,90781	10,09714
91,99250	43,42999
16,29285	96,97272
85,99736	6,29981
60,51704	72,48191
47,50764	78,55686
89,97685	89,41296
69,13350	0,97577
73,01169	26,44524
25,93033	5,72952
9,14094	78,56044
14,99977	96,75987
9,91235	61,77540
62,19017	50,25095
54,69447	43,68636
16,39514	64,12743
97,23398	62,58418
85,24975	32,08103
39,91224	64,79432
39,94947	29,83574
24,37338	72,41509
31,46792	79,19446
9,55986	91,77218
15,62521	98,86669
21,17946	86,67699
80,25937	60,15883
60,24104	69,97078
4,17929	40,31596
52,53465	11,85630
54,62833	6,63566
5,79498	24,16291
47,66330	70,43176
16,77523	55,96093
54,15479	21,50771
36,57188	27,83541
33,04013	91,00646
59,27910	39,64894
13,01117	93,33567
46,41480	9,76778
23,99524	66,32410
37,54871	42,49522
0,58762	62,84724
26,17588	74,85018
41,02060	46,86688
99,11765	23,84921
7,30413	12,16187
47,59514	41,09408
94,84945	72,98387
58,60871	82,73680
83,18751	72,45422
86,37002	19,78875
3,32001	16,72500
85,27180	46,25954
21,79140	70,75940
58,24355	90,75649
46,74633	45,04343
37,32963	0,94431
7,03741	61,62328
66,93967	49,65997
41,87428	12,56944
4,45943	6,49652
65,55552	14,30080
87,77338	29,31465
39,50087	17,15904
44,73879	56,41007
92,10190	51,20556
35,76421	21,95945
75,83511	76,42030
27,38367	74,88704
40,63224	58,31375
92,08094	54,43882
32,67831	8,42063
17,60688	64,52036
98,60867	13,22552
87,64573	93,24927
86,50222	24,77806
64,92492	44,19254
87,11857	1,58698
67,72582	81,40361
51,50294	69,33971
81,24155	41,64363
54,38312	17,57590
86,34091	34,06582
46,70875	60,65053
20,03600	30,16138
55,23397	69,15426
4,31429	44,90992
42,22009	21,41544
92,98411	23,84700
34,13603	33,79078
89,79599	80,15576
64,65971	3,15800
85,34041	70,90932
54,33455	35,35653
45,08586	62,23495
66,91114	39,27876
56,40936	9,44077
40,70450	37,89679
8,58492	70,04009
92,22365	84,71639
36,43373	75,12813
28,88058	76,98219
5,70295	7,71033
87,76174	25,41470
56,22852	75,35115
38,24581	74,34242
47,55055	18,90642
47,67739	65,79869
70,88813	69,12236
11,35693	6,48544
1,24369	48,52844
90,78311	27,46279
63,89535	17,32100
87,38461	23,00548
80,64900	78,82923
2,90392	17,27435
42,95999	92,67421
2,14679	35,28283
31,39783	91,87675
98,98649	48,09559
63,91535	63,93881
32,31307	21,27865
8,99718	35,31838
85,04337	20,32698
44,00072	93,73649
26,35842	17,12786
73,86581	93,40040
25,01068	97,47538
50,85802	14,49576
89,84426	91,23320
52,12336	90,19568
42,59714	33,94996
78,57060	71,95375
17,60507	21,56375
35,96091	76,99282
13,20276	38,28894
47,07243	50,67086
90,41862	21,86079
22,42090	80,79964
25,98518	80,02042
86,25582	21,01155
78,73800	87,45435
14,41458	15,91450
21,15188	73,36043
91,10569	72,04428
21,06354	56,39344
32,80517	85,51822
32,55633	95,95112
59,18862	19,81379
69,53267	6,59311
13,38482	25,23993
90,67621	25,84249
46,82473	5,43879
20,30608	34,70156
87,57346	65,64990
66,05184	4,92058
5,27056	22,48824
71,32797	87,39022
70,66775	15,63255
58,26299	61,98536
83,24108	38,08930
75,03884	40,77019
6,46814	93,59266
60,52202	53,68135
7,09890	97,22012
78,61868	48,63790
42,11230	58,44798
54,96175	6,48420
75,03886	24,64055
69,33890	5,25332
31,94289	17,36130
18,69593	67,94629
26,59612	63,91388
67,60095	93,35375
94,23797	12,16524
45,73058	0,40447
73,80583	17,97289
35,23992	13,10631
69,63203	11,43268
14,80429	75,35310
5,34257	80,68304
91,67102	12,70228
55,05580	60,14617
58,23560	51,68550
99,96762	73,85626
55,45737	66,29645
12,02304	63,91924
11,85552	46,00691
10,61223	29,16819
53,87693	69,99451
73,09236	9,72295
51,10351	28,22215
5,42503	79,43219
68,06688	51,59170
95,33216	50,07057
43,36478	0,60101
77,11160	48,68312
6,32350	14,76579
34,61697	2,61376
71,62728	43,52460
56,89451	55,52405
23,13570	63,42750
39,58311	42,10313
9,53630	36,11568
94,42173	69,18906
26,53030	76,93162
89,07198	86,66653
52,92498	84,95624
89,95174	82,77526
41,30726	31,85169
21,88898	5,35806
37,89871	19,09521
90,14334	93,09703
20,74285	91,02169
32,70621	98,93088
0,55168	34,54974
83,77831	1,61581
24,33898	5,54760
32,93717	30,78717
58,39357	96,50294
58,74509	75,89836
4,19687	0,49204
0,41145	10,05809
18,56457	32,40122
6,61156	36,05677
67,59302	39,93524
66,67756	53,76704
42,91695	74,15455
86,11500	55,62328
8,33573	92,11524
15,76218	80,02930
25,04109	32,64251
81,89754	91,31299
24,48029	40,35063
93,21370	9,24118
59,31425	12,72940
19,81494	81,12769
64,98093	10,44886
49,25837	75,21175
7,05026	1,99157
25,14710	75,25387
72,85757	10,30326
64,89717	73,19041
89,82802	91,35997
35,03827	89,20801
17,45579	2,38193
34,77137	96,74321
65,07717	10,88108
1,49507	93,68234
33,37768	54,81160
5,62511	40,43130
63,99897	88,79949
46,27060	80,54418
8,66223	41,75957
94,19297	70,24446
96,90046	67,16502
53,96258	69,44190
89,79286	88,81687
33,34077	88,74280
56,02013	32,16769
14,65373	44,47078
96,11067	84,08579
20,28759	46,85998
70,92308	42,40354
52,42257	35,35176
61,21121	0,67484
65,73729	79,32086
96,54404	63,27459
1,05262	82,57627
43,90307	1,30434
67,74755	65,62673
38,95605	40,72582
13,26830	50,97022
76,30633	20,72573
59,16455	43,56138
48,94320	72,52254
14,82552	81,13036
41,66907	46,65771
2,45152	27,17100
38,45543	60,27113
39,78511	93,18602
99,47999	44,94235
30,73914	6,17109
0,02351	50,38630
8,29729	82,33949
0,45530	99,62430
58,92604	28,73348
34,21238	97,20803
33,22521	70,63797
58,97801	63,65625
13,65747	94,60666
15,19093	6,47126
66,93574	4,43048
75,56775	40,93366
56,01023	10,52240
49,49635	42,33157
24,58565	11,96257
26,95921	45,36206
95,71206	84,84193
8,07121	6,14978
45,23120	60,56223
66,36734	7,65985
20,72355	63,39477
36,65137	20,23881
77,08942	77,86986
1,51751	25,59992
91,01080	33,46323
74,58279	74,77572
98,27909	26,56563
43,01856	78,39299
70,33675	47,86585
37,14551	21,08228
9,36960	47,04731
40,65716	50,91608
94,89954	46,09283
41,46277	19,47697
59,06576	7,51154
50,19125	38,48888
2,64589	74,44659
81,07345	74,90169
89,35675	25,89192
98,22106	27,90157
72,08763	32,14056
79,24606	18,52625
11,45732	53,10687
37,71550	75,39675
44,44954	95,30936
76,11216	18,53372
48,86932	32,07038
11,77227	27,30903
27,97667	95,88349
29,69763	28,28990
8,89172	71,91889
68,18971	54,06512
8,22908	57,28166
35,92968	5,09988
68,90725	1,90735
92,42856	93,24767
13,19239	13,87380
97,69787	57,75491
88,77382	94,42755
51,54172	22,42589
7,03208	66,16805
98,04713	6,07264
85,64868	71,60194
66,65016	7,45630
11,31964	48,67468
57,58111	60,63397
32,57371	34,90598
56,54310	96,95638
77,55891	12,40017
81,15372	55,91950
67,14974	82,27222
19,98058	58,65459
59,84045	48,92451
23,92723	95,04876
21,62809	2,12913
49,27656	78,31965
61,45235	8,01491
31,87493	89,32536
10,74756	58,82794
92,74063	66,97233
54,27532	85,72899
36,80643	0,79123
38,64478	8,91049
8,55650	47,08284
94,79045	84,96063
10,99387	20,99289
11,16630	12,67131
77,67543	13,45691
85,52756	75,38151
11,47707	44,16315
64,91035	30,46697
68,30261	89,51373
55,78240	4,73161
69,12569	18,02108
49,32641	18,22593
69,55472	24,65888
60,43077	38,41163
2,53671	80,39366
23,20091	61,61188
36,86673	3,45533
20,66762	29,33057
61,84514	14,86191
51,85689	13,29386
16,72614	62,29566
55,49944	44,96162
32,52624	83,63501
16,39599	22,77608
43,31269	34,27865
77,81787	3,55929
54,26728	20,85513
71,31079	73,24079
24,62174	67,99334
53,88274	96,49121
34,98707	94,53643
11,79556	64,85717
60,64939	90,91361
50,04265	98,63740
65,08125	70,34118
37,08377	9,00937
61,21754	13,10663
15,52130	93,81042
61,97157	35,39611
21,14017	22,89692
56,01693	91,95801
75,09751	67,14929
0,03726	65,35225
27,03584	38,96058
14,44629	3,61697
30,50726	41,44051
6,00656	42,89125
26,33421	68,58671
17,82589	91,86467
94,39569	59,31913
24,88663	60,88140
9,81614	84,54337
51,56328	90,10866
5,64735	38,30309
86,50990	68,38636
0,87230	11,60119
9,84975	37,20673
99,92273	50,61399
27,77498	42,72989
7,89090	39,79226
30,46531	32,82323
34,22914	4,73729
50,66029	95,81956
76,96884	99,75998
2,27045	3,02098
89,35429	30,67517
21,08854	47,93260
31,27457	64,65320
12,96282	71,79189
98,99038	95,84515
38,72010	27,16708
8,39061	68,01759
29,67696	59,22941
79,37709	3,57755
32,75357	77,76151
31,96396	52,13749
30,00508	52,04604
58,29149	51,16503
63,81141	85,48587
78,99254	86,28136
26,01718	17,13881
27,21294	49,41714
36,98899	53,30744
29,07562	19,30382
48,85853	53,90606
65,49121	30,67323
56,14511	85,53429
6,95663	56,05761
86,50273	6,01855
10,34591	97,22671
74,51200	63,63979
54,68625	72,06844
92,23828	78,34804
71,52528	87,11372
21,70315	21,97102
94,73396	5,92589
6,46707	29,75646
14,45263	59,21959
12,19689	56,54448
70,37631	93,84352
59,39267	37,44879
60,68833	24,65592
65,37395	25,13199
74,68980	35,84132
47,17663	53,59284
79,53572	76,36156
92,18706	21,83999
4,47672	8,00353
99,14100	99,90889
69,61885	93,88069
28,54085	34,38549
0,45191	60,26510
78,59506	70,93258
54,26033	25,27086
20,45998	17,27150
60,01868	64,17980
84,86442	41,65388
39,48732	73,09444
91,12378	39,06542
33,96192	0,12313
49,10070	0,23546
8,49383	36,44635
44,84545	86,98320
43,38662	98,38323
41,44981	51,51357
51,38743	85,97133
88,07399	36,98262
78,22984	73,59275
32,15704	61,98446
54,04857	73,82379
72,49690	22,56870
63,67431	16,95506
74,18696	41,97953
94,93046	5,52355
90,32192	60,51438
5,79173	35,71761
99,93644	85,73235
23,62785	25,66024
76,81580	16,69959
52,74401	54,34584
49,61874	15,04062
20,04272	94,39989
0,17824	20,27197
32,87041	16,85064
73,89688	97,22627
57,97494	56,74655
43,82924	59,33207
55,98886	54,72245
78,34445	33,09671
21,96622	31,51222
11,18789	16,34647
89,23942	9,92521
2,31187	35,61050
51,22526	71,94807
8,02065	26,49176
43,79828	27,40328
49,77633	44,95046
9,46237	74,99028
82,43745	67,13253
33,78999	56,55435
14,75348	50,70737
4,46166	41,07338
27,61356	11,63661
93,72659	26,12159
68,84908	16,87735
6,21883	11,46447
77,31541	5,73042
65,80120	81,95812
3,52853	30,37622
37,47286	35,07120
49,30856	49,59794
93,36469	2,11687
44,68267	18,77365
35,45953	41,67683
16,72574	93,92606
81,91322	28,71908
82,06781	7,95058
8,71503	23,55541
12,47338	83,09963
13,91490	81,05442
81,19812	15,38270
37,75776	52,42014
96,75447	3,74931
28,80375	39,36596
70,26855	99,75341
93,47640	83,65822
42,78607	21,85535
4,46892	13,77307
19,68646	12,59918
72,05240	24,80510
20,78948	16,61031
1,56750	37,78537
56,78990	22,69048
70,24507	70,21142
85,33129	44,24404
56,98888	50,86092
83,33089	8,85156
49,86729	28,85568
96,09334	90,01392
37,79885	59,46166
88,30164	41,92189
65,28000	97,25579
27,14978	91,56342
91,99158	91,05933
73,68196	1,56272
52,73372	54,43260
44,82934	41,85236
57,37758	80,54494
35,68592	98,61168
5,38498	80,87862
59,24091	4,86165
14,93579	53,49493
69,08589	98,68858
82,81603	28,48490
79,54060	2,27593
97,95783	95,74716
87,19216	67,75561
28,88581	93,37938
28,01836	54,34711
93,31272	23,73982
75,06610	85,33497
96,74034	68,62965
93,08232	83,14187
96,16004	95,06640
18,54515	96,08706
4,81066	78,76345
26,21895	11,37638
4,43962	23,69989
76,65774	95,45254
72,62644	23,05980
13,00718	15,04130
64,46615	89,33922
90,00613	70,06100
10,27342	79,56407
73,26458	13,02018
3,95643	55,33123
42,69547	38,60986
60,32273	46,78011
70,40379	1,90437
13,81783	34,62113
20,38710	63,91615
16,06030	24,99234
35,07726	69,20762
65,02566	68,18469
32,05425	31,84462
64,84439	64,17128
33,18839	43,18345
71,91791	5,39523
88,01824	17,81521
30,41947	30,41535
33,34734	62,44844
38,23530	0,77855
51,84336	86,59291
13,01453	67,88215
53,84951	73,61452
47,23484	66,60895
8,66845	96,06330
51,05387	58,16249
94,25482	90,13346
82,20495	45,79937
17,55346	0,69672
53,30865	4,05002
81,64595	70,55662
88,71039	94,53893
40,41895	75,40440
75,31715	89,65984
86,64373	99,41310
14,89498	89,13086
65,15681	5,48945
38,90205	93,84910
89,25767	78,90945
91,17038	96,48399
65,49014	13,39603
18,61267	58,89268
99,64979	64,65402
35,61889	72,71097
65,16064	17,95968
43,92047	41,36716
63,89001	3,60911
96,43858	79,28626
99,02144	46,86201
90,99573	97,19615
9,78102	57,47398
67,75872	31,21708
88,61360	47,99292
62,89382	77,81016
12,83090	19,70196
40,15373	16,68042
74,80437	70,42331
81,97884	39,37402
87,45158	59,35467
72,18371	52,57926
75,06536	10,69161
43,41306	92,03515
33,46122	49,99657
94,28970	65,47108
57,96869	45,10708
3,54012	41,14560
92,96871	66,83283
81,37190	12,32178
52,47933	93,77316
1,99015	97,41120
97,71833	60,29385
55,37871	80,53825
34,62167	87,03380
41,33490	57,92075
11,97279	39,26935
4,23504	31,73257
59,09850	30,04615
73,12117	85,00850
1,01269	22,19528
28,43776	78,67099
28,44050	86,18250
64,11036	34,90303
80,33056	39,19661
51,64653	9,86097
17,26441	24,96469
41,55259	13,11557
25,59761	93,48922
56,59813	1,22913
94,21786	5,23417
41,32331	58,52100
48,48136	15,24386
32,67244	79,34351
9,18926	89,26078
7,75058	83,08458
68,39211	66,11544
46,43805	25,63312
38,36053	8,49328
18,96117	19,18758
35,23663	77,64076
71,50581	36,05785
4,68111	26,65498
36,57354	51,50485
83,25694	31,70770
39,01841	75,68207
16,34118	70,88737
3,56595	35,38760
21,03247	16,29910
95,10391	92,60482
90,82225	26,64504
39,14766	28,70438
87,72370	14,71446
76,62170	80,69984
57,10330	17,04486
4,46149	89,09345
30,63530	11,47249
41,52869	5,61861
53,60061	12,37274
37,94572	13,57964
84,17709	23,09776
15,19402	33,50930
64,41922	40,45090
84,18369	22,50885
55,30070	86,99439
38,99041	26,90508
61,49444	93,56886
65,06889	14,75331
45,49029	66,61019
32,49021	97,23465
45,20127	52,68138
67,11400	46,14072
64,38532	56,09405
5,59432	28,40820
1,00998	74,57621
43,73175	8,06034
15,11346	92,64999
81,92211	10,93199
14,76604	12,71509
56,31591	8,19927
56,41196	9,79075
19,79046	51,00457
14,17230	67,45086
2,95038	80,36197
71,61535	89,69427
42,10998	44,04787
29,05182	86,32396
8,57465	75,32610
99,58778	97,86602
11,52665	27,12614
87,96927	60,14142
75,43363	9,68795
7,67808	8,31038
12,13697	49,70607
93,78912	85,54142
17,64002	74,65046
11,77558	52,41414
24,10458	27,21098
45,74870	89,74655
28,67743	31,70692
73,54499	49,74536
2,50681	66,82245
0,62432	38,20897
55,67222	47,17370
29,91824	3,97059
96,73895	79,98226
90,56850	70,85049
79,26231	42,52482
34,92165	72,09359
71,80456	21,04798
40,19646	37,60076
22,89101	62,48177
18,91631	40,21879
17,81988	16,55524
50,50005	28,93672
40,35402	87,81151
95,33001	64,04247
59,06049	74,53979
42,16714	22,12635
55,42780	44,78587
69,95868	57,27484
98,87832	88,37250
75,88469	88,87988
52,40723	88,25545
32,91560	36,19627
61,81711	74,56047
92,20357	35,11164
41,38098	60,29120
38,30639	53,55047
19,25460	8,96725
38,54328	68,51562
47,07240	51,34659
1,70795	79,97816
9,89930	50,90544
75,91470	14,65784
95,07434	15,89390
70,52957	16,19403
91,47021	69,55472
82,93894	27,28873
94,30580	19,48728
47,33408	44,11027
84,88757	12,15840
99,74052	63,57860
39,51864	19,20607
71,19751	50,10973
97,30258	78,45174
79,29289	19,97930
82,68256	4,43137
87,18510	78,67192
35,29450	90,77498
38,79448	49,41529
47,07623	49,90889
59,02187	99,55486
44,56302	74,32442
28,65341	5,50708
82,91297	58,05143
5,03600	96,73600
37,44419	86,99447
61,65897	84,53038
88,32890	92,43390
62,45294	12,31525
94,57785	63,26396
69,91795	60,81389
44,56179	29,43411
10,11851	3,58339
52,05494	61,57971
82,13405	36,27894
39,14876	79,97244
4,72911	96,45878
10,37255	29,69057
38,80836	49,82419
75,97077	58,30354
10,64709	43,49565
26,52503	27,38504
87,93917	17,25828
95,97233	99,81312
28,37946	19,66706
75,55914	71,08554
28,79918	97,48383
57,38423	54,77299
51,79808	14,12565
92,92155	89,75248
96,36813	5,63571
49,27768	10,00751
9,17939	1,14524
33,92658	6,55139
3,99919	18,87681
37,27781	15,42452
68,14191	98,44651
11,67250	85,73592
86,89706	45,55440
65,26475	17,36389
9,55947	46,10986
99,73440	9,20021
13,98594	53,42024
61,89035	25,71684
0,52852	64,27851
10,96186	72,15349
60,74560	77,61744
25,73875	66,76915
21,46739	72,85499
88,70938	12,37009
60,59350	54,13744
87,95883	98,72130
27,42586	81,39423
71,82790	12,46809
77,39121	49,44993
76,19673	91,83884
48,68298	82,39628
19,74536	39,66963
66,65328	82,00911
28,65653	0,18593
60,71146	6,20178
8,96455	12,49600
18,03653	56,33924
32,11725	76,89530
78,58645	20,69336
37,30625	8,85069
96,68805	55,40266
82,73423	9,92768
55,91725	84,00612
97,22593	54,94357
26,02994	61,95342
93,45314	80,27392
93,37966	83,45018
4,53204	59,50914
79,55898	4,57964
96,86458	69,55276
86,92740	18,84857
93,83399	82,77218
74,23922	49,13769
17,32750	68,95757
70,76057	13,49356
17,04805	54,61381
83,06587	81,28135
11,18959	66,50507
35,12932	60,92441
6,28924	81,39114
9,37830	50,78908
98,93267	14,53911
24,05084	40,72990
87,47727	5,86355
90,50054	73,39250
38,07125	4,44283
43,01781	61,57857
55,98473	9,67887
23,28722	10,80919
10,63243	0,51204
31,77645	14,67991
50,65574	72,87241
29,15323	74,68303
24,04522	9,94326
82,25226	45,87954
87,52296	29,83212
1,16510	25,13506
49,26734	90,88926
6,70158	79,59157
39,55124	86,18293
0,77227	59,62810
44,97777	25,53543
86,16711	52,77129
73,73609	86,04334
96,75637	12,84821
41,66308	10,14999
54,31551	42,13116
81,88489	44,10759
63,97672	13,30611
84,42568	39,06122
96,73525	92,80344
66,40919	82,00619
84,48997	67,36173
58,34208	84,51480
70,77270	81,65240
67,45605	33,39836
18,62227	66,37492
45,19941	99,36442
75,98474	73,43941
42,70664	7,24912
38,57183	37,68557
85,43813	94,54874
30,28595	53,04378
36,17023	23,74438
42,12022	85,12617
44,12930	68,30790
31,86848	41,94283
97,30162	62,29714
89,03036	89,76993
4,81423	89,09261
11,97276	32,15393
36,77020	86,09777
27,70951	66,61772
40,03496	59,11901
8,58715	95,84199
30,20877	32,66170
4,71512	97,92674
32,38346	10,52239
16,15473	53,79520
6,27017	84,82753
74,68200	88,88424
44,89774	11,06298
91,36519	10,97246
80,31996	61,65866
53,24861	16,32931
64,63307	81,33674
20,11016	92,32531
20,09314	93,70165
80,56080	66,22587
68,23632	50,44454
75,67990	37,09780
54,64318	72,05440
87,93114	80,59008
83,35163	2,07263
23,27967	34,80714
62,91134	85,69725
85,23172	59,57510
44,68549	87,93764
50,94372	11,10844
3,24454	86,54012
11,59892	89,41654
68,55936	10,54918
31,92512	96,74663
70,18981	46,63890
17,02789	91,94163
94,77798	2,24326
48,63960	37,79861
89,89345	97,03411
67,43518	16,34518
69,64149	52,43950
33,24143	30,40884
90,43311	62,66504
90,76745	18,93554
68,92944	60,07539
4,90950	88,22148
8,41083	32,81236
6,73445	1,55367
84,68487	13,17072
8,92174	75,71213
18,13516	31,52255
7,74443	4,36841
24,62657	22,47512
87,59601	65,62240
94,72055	77,46707
83,62000	73,75110
98,01761	61,15217
38,17554	3,70040
47,43215	47,68943
7,67270	50,93268
86,81835	87,45283
37,73711	88,95021
84,60394	84,69346
26,71432	52,14636
25,95191	52,33163
40,20002	2,59355
96,45867	11,32559
22,58307	35,95906
41,51040	18,95853
75,51405	43,94673
67,15739	42,90463
37,76283	78,49465
20,72992	46,07973
6,10448	56,41600
52,40690	11,05180
82,67350	2,25217
12,56245	12,18038
20,65232	51,81440
83,95318	38,67452
67,21062	29,22214
82,67286	82,40251
70,28789	66,20336
87,28893	30,55673
24,11244	54,00416
71,68898	45,17118
77,27582	5,46197
23,90332	69,00908
16,73240	57,62870
30,53314	70,48201
71,26964	63,78723
94,40219	29,03213
48,79535	7,78657
31,66294	66,80316
33,21409	23,32833
63,82660	52,44546
18,71549	16,16878
80,04970	38,54507
51,97326	68,15808
95,49809	45,43616
86,05422	48,62028
72,72257	71,05078
23,76266	70,78457
4,71869	88,97942
42,69599	8,81044
80,70639	95,06026
49,46342	34,40634
68,65368	76,58479
6,32033	41,12356
52,18149	7,60169
9,89661	99,11399
53,72547	18,82078
78,74809	23,47246
60,69356	51,26287
24,13599	45,24152
46,84648	79,07137
36,74012	45,73829
47,24168	78,79585
20,93715	52,07039
1,81936	29,97710
47,82644	94,53965
30,07268	55,00805
78,36122	95,08954
37,23246	45,01432
28,74409	90,03426
81,00983	72,89271
11,67137	90,01440
47,17888	64,66536
89,06169	45,45615
92,14421	85,95212
14,58003	16,76810
11,12708	1,63292
27,56896	45,09163
81,71663	83,66654
83,92514	81,62795
14,27125	74,55185
74,00918	61,39702
13,01845	62,06196
82,85348	0,74028
14,68954	84,65124
93,73287	56,96148
25,13926	66,32993
22,58912	13,20689
18,63822	74,82019
97,85068	42,01782
99,38963	7,45249
67,86533	56,94612
50,31006	35,53021
26,46371	83,20457
10,22704	79,78535
96,09783	65,53170
27,38487	47,06743
97,54931	84,28240
34,51309	31,55240
65,37772	69,21251
78,70040	72,52778
39,08058	84,50805
17,93015	65,20485
71,36198	8,31637
65,37173	41,02825
46,95758	45,36876
22,38554	69,59785
98,13997	92,24102
91,68735	85,58726
36,32845	21,38052
3,23144	10,93795
93,15375	62,23533
17,10984	25,12742
78,87855	35,65308
90,12851	34,45441
21,25055	41,17399
5,70952	5,05371
43,66578	5,92502
70,38150	53,74753
77,94539	78,52862
74,35905	35,86020
84,08010	91,77184
98,57489	29,76707
66,97212	23,73868
26,01711	94,21851
38,50546	58,69029
81,33671	66,37397
72,20079	86,18504
79,42941	76,00102
37,26233	79,76209
11,05862	74,43840
78,99973	64,96955
31,57491	15,69207
33,40873	20,60004
47,40049	81,42735
25,12024	56,70357
14,18569	11,64019
99,97814	78,27982
70,40745	88,43481
86,18213	74,50870
30,66833	21,60458
61,23227	69,96041
54,06767	1,60775
25,83828	36,43281
84,75502	18,04880
50,50683	91,89647
34,13890	89,92095
65,69619	6,48439
37,21263	17,63500
12,22844	94,54556
69,07197	46,25379
55,07478	96,48858
51,93764	24,37166
90,68088	44,47359
17,85929	53,72226
45,67451	61,96771
17,76528	50,86806
73,09862	68,76135
83,63659	84,21914
1,23897	50,24969
57,32082	7,14849
79,66594	2,61555
96,86591	81,11560
97,28605	84,00735
59,24135	71,47950
17,99967	85,88717
36,92800	3,07727
90,98677	88,43172
95,09586	82,66311
44,69374	79,20049
15,95233	30,94800
66,26999	95,24256
7,33213	18,24931
1,50355	95,39586
73,71274	64,65427
84,23109	81,73909
79,57821	48,12080
18,74837	66,98925
57,41683	62,08361
93,92266	28,09417
25,62683	77,90321
3,50999	95,35182
85,21742	96,88985
83,60542	1,09506
58,43079	21,65385
55,20546	52,31257
17,27391	37,17869
77,53756	97,53372
25,43741	68,28220
76,11239	29,88719
83,19187	72,02636
8,38038	5,45004
21,59033	31,15514
69,42465	58,83631
39,66899	37,78476
20,29862	66,43082
16,32652	95,34020
42,41678	41,75617
57,17533	21,12606
82,83349	47,16792
55,89692	1,93985
57,29511	71,40487
59,49623	40,77991
20,62646	53,47848
27,33859	33,96992
97,31386	29,96745
64,96583	34,91644
89,07209	44,99051
95,42664	93,23542
40,73416	89,96265
3,21941	6,12814
50,97785	33,69674
48,93403	82,65674
60,20428	62,49481
6,29266	0,96368
34,30927	74,58019
17,52732	33,49945
90,13911	63,55372
97,89598	25,96694
76,09826	81,51426
45,62657	41,96078
29,67699	94,06581
29,69200	27,17422
82,59305	26,64063
34,55744	4,56587
73,79214	54,39958
38,40430	85,02290
60,72757	6,42814
89,32370	66,82708
90,14065	39,02859
22,58566	1,62450
0,98863	82,61561
31,32815	24,61918
84,21831	82,05501
62,87382	82,35550
16,75886	31,24187
63,37025	42,72392
20,40827	49,29685
34,56290	38,71879
70,21371	57,96604
98,24839	79,99679
91,49676	97,64211
86,31863	64,42903
39,85037	62,88129
87,29510	35,60924
54,23493	47,37287
83,86548	61,67512
9,72706	63,02502
10,17319	55,81954
73,52497	38,16244
42,47390	19,51259
85,49053	5,78882
12,26102	65,72519
42,80861	64,44878
97,07569	71,33943
67,27011	31,43111
0,95503	15,45031
73,23615	10,88725
83,83564	83,40821
34,51621	67,89575
37,21760	55,22081
69,19414	33,58581
32,00766	51,32771
22,86169	66,13966
83,69839	78,78076
32,76980	57,82587
89,90343	6,50720
98,08395	9,17261
95,75734	99,60284
64,73036	87,97179
33,80168	59,49641
57,24596	53,01228
66,71735	49,34620
54,59538	50,27225
33,62638	32,17449
12,09447	82,75774
63,67486	13,01468
77,38027	14,25666
74,22170	55,74083
34,79334	91,98445
15,19640	40,26861
39,58903	63,42955
56,05217	36,46116
71,07021	18,66395
37,22923	97,34337
42,03441	10,96624
24,15592	16,12176
50,85468	95,81127
8,55428	49,02768
52,06356	81,11292
99,17923	79,14514
51,48600	0,06333
32,10940	85,15486
2,76733	1,99402
9,32055	83,32017
93,56850	6,39128
43,51107	31,06015
61,75139	80,53039
47,01202	16,09990
74,55289	82,15011
53,10281	6,45726
37,04716	55,17106
99,16666	3,42004
70,12139	78,66844
32,85825	22,18713
12,74081	47,14187
24,81945	22,99142
58,45509	3,58178
84,46709	29,29227
31,89837	55,91414
78,99017	99,01935
47,46144	82,11227
49,93204	59,86956
69,36517	69,59630
6,59647	80,30319
10,04005	40,49816
51,00487	24,15478
62,01758	85,95190
55,24495	28,66912
57,46497	69,77602
68,78972	53,29191
89,04535	64,74686
80,72868	69,68934
5,96159	53,11880
99,84173	2,24049
19,84253	57,12920
44,05906	82,64069
16,55618	64,93307
50,08920	52,27385
72,08524	82,74441
23,86020	31,65597
13,27628	74,91828
52,90732	77,52176
47,57422	50,28952
92,95410	65,02098
9,78009	15,29138
22,67166	65,01017
38,42047	42,20898
32,96452	34,57047
99,49285	94,37984
80,11953	2,65154
21,15205	9,23558
85,76775	12,13602
89,32852	64,78613
10,84729	74,63871
81,32010	45,47940
65,61858	4,99912
82,07474	79,32699
43,27181	28,69540
36,18226	39,76801
80,77929	97,30248
37,51922	92,95038
57,38418	4,63657
48,04161	23,94104
38,47999	69,37269
67,39581	93,83335
60,62368	38,69172
45,81931	63,80217
32,03841	71,90743
44,22812	71,86400
92,20037	83,04425
97,43888	63,43174
33,96722	56,98025
29,14915	57,71051
42,19422	5,04000
0,60053	78,56310
43,89703	92,81614
48,77471	90,68057
96,75896	55,51810
84,52338	59,72577
65,14314	14,29101
76,20902	98,57410
45,75885	20,71730
40,23385	70,85859
8,74430	86,10807
96,26050	97,73258
14,16640	97,21078
21,97841	54,09599
48,80147	80,60443
59,94588	46,48797
3,54916	54,32277
87,33858	36,43041
77,94473	97,14092
58,36074	10,21453
54,97385	73,47987
68,62656	98,95413
36,75653	75,02830
70,99465	21,18643
69,65578	78,95037
93,13944	54,38356
15,97937	76,94291
68,56906	41,44442
48,68174	99,42463
94,85020	3,56910
55,33598	44,78504
75,47594	61,87472
38,13456	24,88963
85,11363	66,69377
87,79023	54,93302
21,89543	95,70312
90,94737	48,25086
74,96517	9,86360
3,07679	24,84611
40,67056	49,60752
81,81572	6,15461
66,59105	12,79308
29,32773	47,96954
89,01713	80,65202
36,49570	58,46389
56,54754	48,28866
56,62422	58,89452
0,14702	72,24562
61,81618	70,84095
18,30767	69,23349
51,30132	55,72662
94,88285	87,32876
87,73324	89,88971
56,71350	23,77646
34,83410	31,61546
8,34228	81,99072
57,75504	25,31105
51,91195	44,42880
26,13322	92,39897
11,77000	87,72107
29,06506	78,52421
35,35245	81,77119
71,07802	62,31514
34,59553	95,49831
68,67212	82,20737
65,42448	78,47460
8,11528	4,73471
16,79502	99,91874
56,91494	40,21053
95,31311	4,33805
43,75181	9,86759
46,63510	86,56877
34,64972	82,29386
50,65068	98,04626
36,76894	26,39634
63,87694	70,84375
55,44861	73,14458
59,54280	86,35042
14,98707	38,98979
33,51861	21,41649
29,13738	40,12553
2,54664	76,37520
73,40839	18,64984
20,15396	26,55848
68,00020	9,20863
75,17987	41,75508
27,56587	97,84474
18,02605	86,51715
71,97990	63,54614
80,53812	48,30316
20,90676	47,38181
16,85324	40,15204
14,20167	64,13310
94,59925	89,91560
10,03851	56,97278
8,50619	59,03320
13,14837	97,01394
71,79258	30,41469
76,66550	46,44491
64,61375	67,20480
2,81555	36,48636
83,41104	72,03388
40,04445	59,55096
40,17596	69,81730
37,17440	38,75568
6,44449	96,24768
68,78686	17,33123
83,26226	98,83095
90,27063	5,49278
5,41236	47,64974
15,83639	32,98060
55,87302	8,99410
38,28745	81,74864
74,77359	56,58208
25,44952	15,17394
96,04251	82,29924
34,90088	77,67883
34,49221	21,21871
86,00741	11,80288
76,26148	24,11993
16,25527	28,53079
96,33643	94,80671
27,48728	71,07699
38,29741	59,23183
96,88747	32,34731
43,48956	48,76790
87,42127	21,94269
9,49067	60,92078
42,92748	29,83911
91,05089	7,36423
94,17098	0,77290
30,60447	71,38129
33,90391	15,87975
20,00443	74,63003
41,34585	76,28048
50,30711	96,60831
49,48228	97,07602
2,23397	99,27419
52,19343	49,60878
66,36424	83,98566
42,46431	34,86685
59,16224	48,25551
57,78970	31,55227
18,61957	15,77400
84,37630	38,60394
21,59260	84,73420
37,85756	23,86040
63,84198	76,70171
94,97479	98,06717
83,33117	71,10277
98,04167	56,57787
87,51724	78,86151
91,99751	69,86797
66,16762	42,79933
82,46763	58,37439
32,66241	52,11629
22,48794	57,19379
38,79273	23,60659
45,41377	61,81707
50,74108	33,21700
62,02133	47,34669
57,23085	78,13946
30,92360	70,53857
4,75756	11,83580
93,16056	96,52927
19,36538	22,22463
34,18705	40,25410
79,60820	16,71773
99,46983	76,33109
51,13535	36,87495
43,51863	50,58045
79,76780	50,15379
36,41433	21,36856
66,98135	56,56207
86,76065	69,61012
19,38948	3,97874
65,47404	42,53162
72,11874	27,49023
30,93965	38,19377
34,89592	15,29668
62,79975	95,29016
99,21651	56,57436
9,00401	25,88390
75,14022	45,13757
38,73944	17,51341
97,05967	96,82571
72,47115	35,49324
49,21445	88,24766
29,56317	76,25537
13,77344	39,84808
93,81212	58,22057
36,98400	47,21724
47,71452	87,95951
42,18741	11,14770
67,40199	6,29740
92,42597	29,14858
1,91687	1,53564
19,91757	88,96001
82,86396	75,10851
94,84956	48,06727
23,46245	58,76238
1,74460	92,29644
69,63542	11,73950
28,07667	41,28015
60,01241	71,46806
46,86642	8,91420
36,58406	91,90442
92,66089	32,88284
23,23598	79,94341
88,60306	58,91237
55,50217	32,20669
81,22291	2,62010
1,61694	82,03899
79,13211	14,65727
62,30718	89,68641
71,98045	43,30206
74,75534	47,40061
26,83278	22,74038
74,77670	25,60715
20,55102	14,97954
90,49278	56,29580
68,81677	98,67177
50,64606	35,43533
55,10542	29,08144
91,18932	27,48444
46,22399	90,01230
34,89654	71,96546
4,95018	20,71749
0,48004	24,58674
74,86130	28,64769
70,06240	13,54413
17,61719	92,34938
6,83953	55,40168
28,76242	17,90747
68,38481	54,34609
44,53838	37,03342
5,28236	3,62894
79,24708	25,23213
69,64087	18,65541
0,38390	74,43785
83,52764	57,44756
57,05761	76,09141
33,47578	26,10492
26,14158	57,83799
63,95583	24,40449
30,15094	69,85700
40,06630	59,82703
11,01614	35,29220
37,68592	47,06589
14,72439	63,33266
97,94366	14,46902
53,22595	73,20194
52,10103	58,88473
62,05312	92,64495
82,80399	26,02596
64,77575	75,45902
38,15075	44,73738
88,71749	29,19772
56,13443	10,44443
50,28323	56,38303
88,75810	95,58261
42,79849	90,39337
37,48308	62,95008
14,93776	50,65226
24,65939	71,69606
23,61924	50,82414
29,20081	95,05217
81,66928	68,43115
9,00508	13,93317
97,61080	24,63650
17,48316	11,17830
22,60549	28,89733
97,04974	67,47388
77,88041	14,77169
98,54041	51,89230
34,89563	30,37155
32,25926	7,50214
60,06011	49,78571
3,72392	55,64863
15,97868	40,25342
25,16336	81,27332
32,01420	53,95169
22,43694	16,03613
18,37432	12,96622
76,28171	6,02272
99,98328	21,34789
46,65794	36,46452
89,07482	69,11390
29,45150	87,16826
98,74332	89,63446
85,90458	9,24657
23,61570	94,05330
66,88491	46,26045
78,35767	34,22194
26,46660	71,02921
89,90364	39,08486
82,28431	73,13287
85,10024	28,53488
33,73546	11,52658
1,87947	33,46477
93,34354	41,70615
79,12792	41,07341
21,45917	37,50828
48,09460	40,44182
79,96322	53,89868
56,48047	64,97613
36,75025	18,99577
5,27879	15,52209
59,50836	1,09710
67,98582	0,78727
34,67495	69,62029
91,97762	50,16444
35,43631	57,63977
52,64910	38,13143
41,25196	38,09511
42,33755	9,11012
80,62320	45,76625
28,10339	6,99878
28,68858	12,75556
5,11690	94,54949
41,71697	36,48605
5,70036	94,34407
51,68271	66,11974
98,00073	95,32906
75,84516	75,81960
22,81898	46,70249
18,61846	91,42308
72,29783	4,40190
56,00555	50,86473
9,97033	4,52543
96,48380	8,07998
68,09789	12,72458
6,46780	35,14168
35,27663	38,93941
73,33827	38,02550
64,96706	12,80387
54,51420	77,66983
93,90281	86,63119
27,15877	79,89037
58,25984	70,09602
9,84762	25,22919
35,01840	3,56223
74,89172	32,96231
16,12571	45,46221
7,99486	92,25989
43,86827	83,21565
0,53963	47,88692
97,28834	76,88276
79,03350	17,85270
21,52995	10,07873
86,11025	6,06111
34,67567	53,63374
27,97029	74,28376
29,93597	44,06420
94,25628	54,67241
14,97899	41,12868
38,09937	16,54659
94,73917	56,57328
76,43403	49,33700
9,21903	39,62882
33,66828	87,33457
83,59915	63,90383
5,40891	81,28988
34,39727	85,02479
63,18000	16,92698
2,46800	28,70646
55,93598	91,08010
51,31065	24,89302
89,65903	82,43171
77,45339	25,19191
82,44368	95,72423
28,60761	28,02993
99,20985	15,83785
14,83727	88,79283
67,54891	81,27123
28,16385	10,66694
64,19555	75,33110
56,82808	95,98294
40,23143	37,73186
91,85567	87,56964
22,36513	19,32535
75,62483	44,95684
87,49589	38,32565
34,80924	81,22405
58,25725	47,66342
73,37101	32,87353
8,34953	89,99862
75,20373	47,31315
98,20889	99,44008
80,57660	50,36679
83,92361	7,16496
55,70661	99,68683
55,29667	21,90058
70,58610	39,02547
62,56687	85,62565
36,61913	43,02843
85,53933	49,86764
32,67093	82,54698
83,73895	78,61717
65,81006	46,42085
41,68926	60,15026
71,32421	27,26691
89,53200	1,94356
55,51599	16,01548
35,94119	90,38723
24,33598	52,76801
97,64865	20,14479
21,08613	50,00709
47,88639	36,77863
17,22717	38,27170
34,66432	90,65461
61,74987	84,11764
39,04023	70,15840
96,62025	95,51510
53,40213	67,90113
88,48513	60,79238
60,27140	34,86109
10,12483	63,81684
83,24846	94,30302
29,06571	80,31110
63,46090	19,83590
25,31624	88,03465
87,23736	30,11471
65,36562	17,01791
53,71880	16,46124
5,38527	25,11801
24,73179	99,07348
82,99879	8,87246
43,48711	2,51271
84,03722	49,95883
43,52999	51,80178
38,37191	53,52589
94,85662	16,73794
7,21821	56,24334
50,22498	73,91771
73,22889	69,12450
61,42611	13,49110
34,24718	73,00838
32,64542	90,80695
31,76479	3,04438
66,03183	11,88047
15,93139	42,60514
33,20578	46,00915
60,38751	96,76001
75,67551	78,88195
92,24380	30,77347
96,99419	55,17198
95,20532	40,05014
59,97895	10,87187
77,14024	64,52993
43,42586	62,52587
67,31827	72,74378
44,49341	3,03205
23,09467	18,57271
35,29035	51,83269
80,99178	17,20975
95,19176	21,08032
82,93055	95,90647
44,02079	88,76143
44,79038	49,79269
95,47170	14,77961
11,52651	73,39030
35,01303	96,64396
60,74975	44,39871
1,99808	37,67872
74,97435	7,91193
21,82316	92,56407
1,66531	46,43393
90,71241	62,53791
59,76763	23,89125
63,07110	35,73290
31,57527	60,29876
29,33778	6,89241
99,59885	27,81629
0,87882	65,10384
49,51651	58,64138
37,70726	8,20702
62,34343	20,51483
64,67098	28,18011
61,63116	46,57328
22,24384	13,07490
64,80857	2,86471
89,16625	27,96799
11,70228	39,05008
95,92027	69,91366
7,82509	95,64601
20,38754	40,02908
25,19647	34,62084
20,02654	39,61186
49,26051	19,23814
8,51899	76,58440
46,89181	93,74881
29,07356	63,57919
57,53129	3,86512
11,43818	99,62373
77,16904	54,90688
25,16079	53,65315
13,19255	26,09199
57,75133	9,97318
37,04426	46,65083
53,13622	93,31576
51,18321	92,27563
43,15998	64,27406
17,02118	78,87346
92,87662	64,67301
61,30488	14,67300
58,98697	96,82638
89,84104	21,44276
30,01634	40,65053
89,51245	50,91002
76,69002	48,24988
92,20848	3,42722
91,45271	6,85835
7,59461	2,51413
37,19095	27,91584
5,57118	91,11150
56,95613	2,57803
43,82230	93,21375
18,84876	62,10277
91,03177	28,00538
83,21312	95,32521
92,14348	72,70766
82,90457	4,82912
58,46981	45,04939
1,63022	28,44069
42,50195	16,60747
20,22665	13,31607
74,95217	74,21994
76,22713	6,16328
99,85873	18,25638
48,18356	15,03363
42,50983	23,73740
32,94701	5,63740
84,49390	93,12721
31,47373	18,28304
0,35928	98,07995
96,71216	30,30861
31,16704	41,50292
25,73926	43,26879
31,64662	71,00651
97,55321	44,16030
29,71453	40,14279
67,79249	75,61313
79,79248	44,79191
32,13989	51,24441
74,66165	58,63720
61,28303	69,26643
4,51593	53,87716
92,04151	9,95965
16,42774	21,15436
31,63378	50,76637
32,61540	96,13835
95,04542	96,52997
31,70253	59,28196
49,07370	1,79918
83,58490	99,97687
80,86130	57,13677
55,57170	26,66696
43,59581	22,01593
75,14346	60,43447
57,53965	13,15770
42,96981	71,15651
60,66819	99,05713
38,75614	2,53597
9,93255	8,96524
52,03881	85,14335
31,52640	37,73871
0,22454	55,06294
6,52468	16,73836
66,97016	79,81853
56,87526	25,35247
5,42503	42,96142
65,96290	37,74007
2,90871	54,03487
27,82821	35,03418
96,27284	31,58678
69,61243	64,51433
60,49646	53,48401
32,91234	94,15240
66,99007	80,98885
31,46774	93,45511
22,63441	40,89042
24,96721	69,67123
55,75579	93,44046
61,74633	2,20104
11,04046	22,92530
46,76557	47,44002
51,81638	62,41259
85,49348	31,30851
45,18163	4,54364
39,18419	7,36322
23,13413	56,19903
2,52614	34,65653
71,15866	66,44739
80,75282	21,40348
94,65235	94,39397
0,04398	88,03638
53,12114	86,37814
32,40946	26,37113
32,25507	0,42540
54,23591	70,37916
44,79127	49,94211
86,29003	48,45315
12,49936	38,34761
82,21002	57,07450
83,67437	21,67088
42,38064	81,43480
83,19861	67,09578
30,57509	89,83336
75,53431	72,02070
61,86049	45,56697
44,93466	70,40593
12,00197	12,54820
61,71197	81,01372
70,96359	79,03239
8,57702	45,60320
26,09268	87,60360
86,86480	64,22426
14,18738	38,96392
8,88739	59,46174
25,88556	32,09036
9,70569	91,81300
80,67643	13,96785
79,28736	4,33919
16,32457	38,37644
24,31917	96,31256
52,60932	75,10558
17,86771	12,78899
96,02074	68,48752
84,63322	89,86732
49,41675	17,28659
99,71717	13,85357
78,63405	36,75071
49,62465	36,63077
66,65917	68,02590
15,64900	39,24159
55,20375	20,15412
91,83627	51,02343
33,39188	65,51926
42,40330	12,59235
83,75533	60,87580
36,78393	17,55448
36,84586	32,98896
74,40332	80,03042
17,51220	50,43486
25,83166	52,91025
88,25234	1,25364
72,14386	65,21378
8,04025	9,91811
20,11284	56,01271
28,63936	56,47499
7,28983	57,07840
44,65337	5,73523
88,07569	16,75097
98,42834	15,03467
9,56323	63,48252
16,40813	65,35561
44,23120	79,08914
19,65882	52,49443
45,49646	88,95373
8,01562	82,48008
31,68148	79,25335
64,66952	38,59260
84,13032	19,74192
65,99873	26,10049
66,00683	4,70142
10,06379	55,23015
29,73465	24,38127
96,42287	92,90041
83,08953	44,57804
99,78768	99,39927
26,62984	2,96444
80,52830	67,44999
58,45257	27,35864
66,14858	98,00779
66,18724	43,33197
19,59224	79,64818
90,69135	66,38517
82,60276	86,55247
51,08673	67,38018
45,34879	73,86533
66,57657	58,99685
47,13976	28,59421
96,90942	75,69052
57,29486	29,23939
50,40631	9,95893
20,09186	77,98852
76,14375	23,68359
73,21021	95,57877
65,18561	74,89281
65,19673	10,82410
34,68294	87,50102
4,21973	34,32509
58,21146	44,41035
67,74139	79,02291
35,89217	2,81817
90,72605	79,02876
68,64154	14,65579
28,61552	62,55466
12,32329	84,79090
60,54072	54,79072
39,62462	14,95816
58,10242	22,21902
30,15556	62,33949
95,54188	21,12330
42,57093	88,29750
18,23559	79,94846
96,44011	84,97285
18,18675	27,68342
6,14052	45,28784
87,54908	78,58509
64,22674	85,35614
34,20701	97,33129
67,52775	37,38019
47,04984	98,08440
15,65067	5,82493
92,81505	75,96754
88,62008	19,98869
11,24007	30,09921
28,05785	22,04897
50,74941	13,60218
4,60922	1,24283
53,01773	37,89679
53,24652	22,04881
51,48750	66,10827
97,63282	97,06917
96,28340	53,56245
64,90353	23,76831
55,95357	32,11359
13,02479	38,30543
75,08150	89,44255
54,31322	39,40613
86,05024	64,48335
60,75239	0,55022
83,10414	65,78019
79,41723	19,70945
67,34163	20,84711
69,61823	52,45148
62,38555	81,49659
97,30323	36,43294
82,21622	42,62299
86,80524	43,13679
5,01537	80,07146
35,20067	86,16613
69,85756	76,99229
40,34286	74,48857
66,69888	87,47522
80,06190	23,73234
34,35101	81,27780
7,07239	28,96749
15,99220	24,10650
91,80638	58,36224
47,25452	74,17863
53,68986	48,68700
68,04075	17,68777
70,30661	70,84520
55,96172	23,31497
43,44432	86,44231
76,64896	69,07241
31,19339	34,86157
34,18529	83,53578
26,06979	74,39669
83,50941	47,91628
70,55901	50,69898
35,88893	25,44247
53,52904	81,12854
48,41951	20,16690
23,63606	24,55578
38,99584	18,58188
89,14715	52,74205
9,31391	34,32337
47,53039	51,63477
90,20194	58,76145
2,71322	58,74477
45,94064	18,42022
83,08600	86,23039
87,22205	53,93994
69,12811	88,39512
46,00917	64,68817
75,96021	7,01234
59,79694	8,14667
13,17650	68,22301
97,63862	3,84515
61,98714	10,70897
35,78956	67,88244
68,00134	96,42671
56,93400	95,97041
46,90767	92,39338
3,69847	20,45523
39,85884	14,84897
64,51889	89,91518
35,54394	95,57543
7,91667	58,70396
96,73202	64,23575
9,85240	28,20265
90,49654	40,30286
38,06389	51,56319
23,38112	93,48042
67,15884	99,37077
25,44266	62,47443
98,72048	84,92206
10,40888	18,55674
51,79790	64,71061
63,11297	22,56850
70,89107	62,23053
69,91877	51,84370
70,90376	11,35376
13,02583	66,98990
1,52604	79,30611
95,34446	47,54530
67,12103	8,66161
49,05650	50,23839
82,42908	12,79409
8,02852	33,90840
79,26584	69,86987
91,91982	51,10176
4,87872	86,73446
58,12846	27,94188
68,73996	45,94120
26,64423	41,07670
1,29219	6,68872
72,42837	53,34006
85,52638	3,57937
10,11550	88,22064
10,25964	75,87953
66,63416	7,31360
72,59420	64,35782
48,76802	4,63752
26,27679	32,79650
64,73057	47,03107
32,54110	6,91587
51,50206	70,80085
20,50425	74,72114
92,97807	91,37414
5,30150	59,17569
87,90488	94,91689
43,88156	56,62412
41,12779	58,70970
30,74851	32,53317
6,85398	90,53140
48,92406	79,88798
8,43261	86,38188
95,01780	74,97574
95,58051	80,58283
91,53078	10,30838
77,03244	2,62722
84,38151	45,08034
84,27105	61,10516
99,13143	89,82710
80,29199	46,61604
95,50036	33,84468
26,28585	82,78362
16,50065	31,44979
58,66901	57,32315
75,88204	86,30483
9,07159	33,56617
65,56756	11,80166
20,69115	76,93104
93,37401	99,89228
75,84691	30,53414
80,54887	0,77431
51,61966	39,46866
58,51888	1,48375
63,13874	54,23500
4,73354	92,71667
37,37787	40,38892
48,60045	30,09661
84,24759	83,68035
60,24724	28,62327
96,32284	7,78806
7,20856	77,18329
13,71992	15,21238
27,12458	23,77298
36,43798	20,96994
18,15082	61,47759
52,90571	73,44187
93,01744	40,27128
80,52510	47,05847
77,53944	40,34623
81,67938	47,46078
59,86731	68,94927
26,97371	91,36124
12,88123	84,59854
26,40214	10,53273
18,86993	10,07242
38,68597	82,18752
22,99885	68,70760
99,20390	6,46426
30,06027	67,31232
77,73517	35,82369
37,61156	53,39587
88,66300	10,86024
67,84597	94,43445
28,33604	72,36929
20,40342	62,53842
6,96158	0,46634
18,81745	59,15521
75,70493	78,13681
64,40728	81,33695
23,59511	88,80191
43,16272	13,62117
33,38804	35,31829
53,53247	27,71765
40,71381	11,28608
36,01503	85,96384
36,63573	64,62189
89,06445	73,90607
90,17444	68,06060
50,06156	32,38294
44,40119	51,58160
4,96456	20,13217
57,38030	57,71220
65,74118	14,21144
17,54137	52,24312
20,79783	47,41852
61,98776	60,09776
20,35946	89,41529
65,79858	98,92913
6,11721	1,40497
50,55730	51,47542
32,44904	32,98125
81,14062	51,78697
55,13211	84,16278
81,22737	60,14472
82,70349	25,64564
0,03772	66,82200
95,48962	55,95138
5,48890	95,79884
37,81278	75,41735
62,25436	76,11960
79,99628	73,87089
77,13899	10,79222
28,52847	61,34819
58,73415	0,95906
35,10869	19,36351
43,49147	76,52649
18,28680	14,00358
86,15577	43,52244
65,02110	91,51691
98,92278	83,15800
23,71772	72,08693
50,73828	27,90150
35,17796	68,12275
5,83120	95,83000
73,36808	79,67058
88,87371	86,10589
84,03972	61,44347
13,08742	25,63254
15,96699	13,48670
97,16527	9,77563
36,92987	20,64043
27,05483	98,49338
14,56162	54,73099
89,44915	13,30114
20,79143	57,81654
15,25739	30,20286
87,85144	44,83251
23,37806	79,05378
3,68101	99,62658
47,77344	40,77595
85,04904	89,64274
64,14477	80,43014
7,82849	91,40821
6,43336	66,35457
5,59578	1,49685
77,92354	3,41324
70,09057	5,78686
16,89939	51,85336
0,06022	93,60050
72,60774	12,35361
48,62614	32,70768
83,70565	32,55192
13,54757	66,19519
28,42180	30,67349
99,62185	52,84755
33,33640	37,83677
57,94823	48,95523
85,98546	32,19729
72,89570	21,36036
95,42089	75,29605
24,35360	89,06963
84,40859	63,81137
0,20700	13,90870
77,12268	78,37014
71,96720	99,46184
66,99462	45,15626
75,10080	11,93504
10,80176	25,76134
54,83936	6,60061
97,13080	16,05453
48,11474	29,12546
80,02735	65,80564
72,75343	62,35502
51,94327	27,37735
86,17675	6,01928
54,01986	4,00987
57,59177	9,34681
86,29518	96,05290
70,02134	24,71741
85,59976	36,95718
31,50960	14,25317
84,70599	69,91975
28,45302	20,64282
52,72174	40,78407
98,24485	8,51310
43,77002	73,12834
33,28462	93,30610
48,67214	47,43211
53,89209	0,89044
52,65233	27,79367
3,77886	43,02921
51,00796	66,87739
28,46870	51,34670
64,24018	72,60238
94,42118	85,58073
24,31526	38,54095
94,60143	20,67691
74,52817	24,07720
64,85202	21,67550
36,86543	20,08318
4,66143	35,36140
52,81503	51,20213
55,78665	63,29192
96,24722	46,78538
42,67589	32,08691
90,29042	59,11123
19,75063	43,76006
34,05271	19,72166
2,34440	71,38993
59,58966	2,54429
80,45914	63,57357
94,69542	5,92421
27,48819	34,87546
2,89466	74,77252
19,66816	48,87860
8,43855	58,74506
76,26038	45,46446
91,15910	42,69725
15,32576	24,59291
53,71162	91,61760
95,44529	75,12280
22,03602	23,82491
79,85154	29,10818
38,79351	63,42078
16,17503	29,52521
49,08583	25,82137
72,37234	22,52868
57,94011	58,64931
7,39141	24,10707
59,84314	94,34865
83,74242	65,39949
2,03469	70,59279
48,38137	90,95722
45,32021	39,88737
18,17618	69,87733
28,83905	20,72713
6,71403	81,00513
28,52530	39,24781
20,32150	50,29713
22,92366	72,52111
32,90744	50,95518
44,57417	32,47284
21,60198	25,08749
0,35488	22,86144
8,15318	49,42152
89,97257	60,83588
4,65602	46,98813
38,21739	79,29937
6,42704	41,71643
83,64805	16,63686
9,70094	63,52248
34,04991	56,32184
57,31369	37,74543
7,30921	0,49947
31,65037	34,67850
25,27243	48,85058
20,87367	12,46211
17,71041	6,87275
81,81284	59,75091
23,68297	66,17196
10,88069	33,33598
48,40013	83,44011
12,99984	90,29792
45,10212	34,50098
27,75749	34,28636
43,53113	35,13899
31,87143	31,16553
39,24329	1,38237
87,53819	0,53545
91,31046	68,49421
47,34748	56,53264
49,88702	0,13199
58,18551	53,83372
49,66754	96,96820
28,91280	92,93005
60,43735	57,52163
39,59075	52,51076
81,71832	53,03113
73,64407	46,18639
4,93835	52,91034
48,58482	45,80463
43,60373	77,65426
5,78694	74,25425
49,62904	62,02543
95,28834	46,92299
92,28059	82,92937
57,71121	32,86950
75,11467	43,59627
62,12901	14,28899
5,84291	8,51763
6,07241	45,99705
14,23275	52,04392
21,85430	55,42509
33,95195	17,63091
62,00763	78,01606
25,69158	84,42991
55,86768	92,92798
20,95298	3,24867
39,19414	9,59783
8,55978	94,86708
59,21639	56,98767
69,25695	0,27362
48,59847	44,22935
87,68464	34,59574
43,55905	93,90387
35,56518	24,32916
93,74438	97,33583
25,11769	0,92828
74,44100	5,05291
77,51521	82,90187
65,32780	44,95518
37,62534	3,26521
4,20577	55,75805
93,32587	29,53198
59,00670	33,91764
25,36294	79,38597
86,87051	18,51667
22,01980	56,75520
65,19424	80,48360
41,79025	20,21745
86,29380	40,03713
96,80143	48,49880
4,68317	9,39290
59,90652	86,28344
13,96371	46,53863
69,16867	37,63517
8,92967	10,27852
14,88325	24,03812
57,73441	26,76717
46,33630	39,39602
68,82471	13,39802
28,17280	15,28671
87,83938	57,18060
9,54929	56,35026
0,78112	11,63560
43,17093	17,89640
51,50933	58,75609
5,86413	75,64876
3,96445	80,72813
27,51144	81,00065
92,52302	99,87296
30,97632	4,23900
7,49572	74,66816
22,07105	42,90010
57,01903	84,72412
45,67207	12,75297
31,45430	98,23705
41,76249	44,86306
71,89666	91,70920
93,48250	83,77111
10,50886	83,62134
58,19421	19,02886
7,13409	51,26244
12,11819	85,16573
54,00466	23,06551
19,27454	33,61702
58,35183	77,56862
56,26259	14,22684
41,33535	34,51426
85,83860	3,64553
10,94973	93,61993
74,30198	83,27361
76,42715	62,19736
90,37606	0,36126
72,14559	14,06713
6,57048	42,45446
50,16386	39,11034
47,93783	17,58564
82,24346	75,31800
97,68802	60,43917
84,58058	63,34398
74,29982	78,17875
41,45982	27,33619
40,56942	8,70576
57,65437	65,21583
91,46197	88,82498
13,63581	26,59365
94,68279	20,12563
32,51998	67,15685
25,56048	76,34330
93,16346	94,62982
46,13531	17,54980
39,93875	63,30633
27,27167	63,72536
46,45427	31,67051
2,16452	33,09959
87,84879	70,76815
69,78524	69,10443
64,27804	99,75984
37,61324	63,86469
96,82457	29,48156
4,42540	35,85845
86,30028	14,85815
35,96628	34,71192
85,27413	52,65956
78,99769	27,05020
84,14618	12,35915
92,52705	63,90758
53,20189	54,74812
48,93985	42,40775
14,31936	75,47940
72,31212	52,25679
38,36526	8,85914
36,35472	41,04833
77,30339	40,97316
40,24204	41,46270
43,65326	10,63053
