72,02902	43,91394
88,87326	64,16893
46,56763	5,69564
50,19971	40,23899
20,18563	63,60530
79,01716	54,49020
10,18237	72,89671
96,87418	40,13296
92,35959	91,27933
92,97596	75,73622
68,20051	54,83937
47,46828	80,70288
0,56738	55,87850
65,50836	57,87325
45,54520	50,12707
94,13499	96,11346
44,48487	95,49535
88,18847	90,76563
17,34992	64,85871
76,39433	0,48079
16,14673	81,32927
54,21295	35,22514
55,51891	96,04900
96,17055	62,14503
36,51233	65,74605
37,12535	23,49515
19,06806	90,12803
19,28573	83,97935
78,97618	37,64336
39,78593	63,62276
5,82444	22,22336
62,23770	66,68850
59,90110	93,32524
74,91483	87,17199
8,06263	66,92775
88,09063	57,04992
1,25219	56,08876
63,53694	4,73114
39,65593	56,25553
60,30616	8,05060
95,40981	2,72597
62,65648	58,66749
27,32052	45,49087
28,34344	2,87293
27,23958	80,14424
58,48945	87,58241
83,53092	32,63101
43,85604	19,68238
33,49762	20,30815
86,58202	41,92010
3,68452	2,12758
31,31387	39,17047
4,64910	86,70602
65,14310	15,18290
55,09370	88,62913
61,87841	21,80586
59,17829	10,54424
52,91911	80,20652
50,38329	81,42803
4,35906	6,74692
45,46813	99,87251
67,93912	44,94821
22,87180	15,31482
52,07908	9,36870
51,32752	29,84312
28,45847	67,24091
46,51435	18,54320
49,47894	19,35767
26,24448	47,30732
2,42898	92,96665
67,98554	13,60864
67,28543	26,32705
46,44324	47,95208
76,82397	7,10226
43,48027	91,54395
0,07458	24,90612
77,82335	9,18019
83,14602	12,09054
97,81079	5,43475
85,05641	76,25651
16,85915	86,93690
40,44588	72,98992
48,37794	53,85809
65,90983	27,96860
14,53737	9,68624
2,18031	93,85589
61,59481	49,94720
50,49564	19,29121
13,41136	27,74010
18,23731	14,80718
34,34095	96,78569
36,27590	23,64760
52,84980	1,14324
48,45661	44,22997
18,02519	14,83417
2,26765	5,39104
22,55812	34,31729
88,97370	65,57303
27,83519	92,09246
91,35923	92,75299
69,45083	90,66698
97,71544	83,18719
4,75197	52,70050
31,81724	93,93698
87,95269	45,35160
30,37545	96,66202
22,90742	64,68121
71,81235	8,31146
48,80705	59,42487
23,19729	18,11301
59,86288	32,52818
25,79197	9,65455
46,46935	83,54637
83,89371	71,87227
72,38712	45,34155
56,52800	3,40401
70,16397	24,46758
77,02995	41,03597
45,31162	76,21509
41,66776	84,86540
28,68253	32,49579
15,19928	50,32156
6,04138	53,57761
98,61623	50,33164
84,00175	93,13882
92,31894	99,68792
22,29940	50,19183
66,57764	38,06704
73,79907	31,13383
20,37457	88,17161
25,68291	60,51392
69,58474	1,10906
27,94400	60,06326
55,94114	92,39227
28,60949	62,11664
9,34360	38,84066
9,04356	35,76113
27,80880	89,18040
27,23121	81,87945
61,72231	39,28667
32,11968	96,71260
2,04143	36,78047
7,89495	12,64849
75,71156	9,08709
43,49688	99,65020
45,79627	54,08272
99,72689	51,06971
98,68531	93,10052
63,97823	83,54968
76,23258	62,33654
40,91950	52,29824
76,78953	10,59089
26,38782	20,22858
5,83768	78,79874
51,29900	22,28703
4,28740	59,95049
62,55772	34,75081
20,49816	76,76974
28,75145	93,35803
20,68879	68,91258
19,83779	3,84020
51,64474	51,47079
12,08563	53,75894
79,49235	92,20656
12,20616	65,50619
28,79864	56,21541
77,91081	26,90866
37,36828	83,60894
36,05877	98,08488
23,84774	98,32818
64,10754	21,03466
37,60989	94,34319
5,75595	51,89841
23,38058	9,26388
37,46953	94,90520
86,68207	74,78153
89,00422	41,73593
90,40635	28,38026
48,09492	10,35977
47,69483	81,40190
47,15143	33,35917
1,78899	64,81751
38,10481	67,34066
99,62999	15,95320
10,47330	82,23586
72,72351	26,93747
97,26737	42,12893
36,14921	48,78184
43,52961	7,70401
4,58274	33,77589
83,10560	74,48783
2,81136	3,27285
80,66805	10,77024
17,46244	47,96064
48,06684	74,41680
96,52757	3,35862
36,75392	68,74527
53,75318	94,54918
41,33218	44,21923
76,08183	11,04829
23,20379	64,91968
64,06679	55,23832
77,84386	36,58702
57,54543	5,93120
24,40121	36,48311
11,84581	52,39945
92,12887	94,40516
93,41339	83,60714
14,57264	48,88995
57,98387	62,39228
19,49677	42,97935
59,29078	74,99690
20,20175	29,87470
11,78514	22,61033
72,18990	30,38991
96,95745	13,48595
58,06011	21,32016
59,59110	21,71115
3,06416	36,67495
87,63879	1,85457
3,93249	32,18146
7,40261	87,48462
74,37836	97,54609
54,31113	55,94743
72,11488	0,66916
98,82550	11,81214
74,27040	13,33973
16,86958	27,03585
10,76332	98,89452
94,66771	77,17016
48,49830	38,90706
48,98657	29,82575
43,17166	38,18001
25,51631	74,13092
40,02428	75,14589
10,48918	28,06456
10,05651	58,23825
53,62216	24,31370
54,01996	7,87750
54,08342	54,70003
92,92721	8,42254
5,42079	48,23959
90,87082	64,77153
30,25353	68,54425
23,61931	54,25192
61,01721	42,54299
14,75809	86,02213
39,16448	74,39589
10,06942	67,41414
11,96309	55,99284
50,39613	29,47842
3,39571	58,57382
33,40962	82,44947
23,65417	78,77695
25,50345	55,93249
60,33440	16,81522
96,45963	28,31857
63,67629	84,50217
1,58550	65,26789
98,05618	76,49134
28,69479	68,05748
82,42792	89,36399
60,60738	79,17194
83,52158	40,09398
77,76795	4,72294
57,34750	17,93824
40,13451	91,11483
56,91624	1,94589
42,66356	36,83113
37,07362	90,04841
34,51953	29,29869
90,96311	15,08814
28,56179	71,49286
46,86617	68,16140
4,71335	3,27981
39,03458	10,29762
28,49115	28,44847
41,61661	29,76500
64,27871	29,96700
20,89291	94,18782
61,84746	93,20557
17,77548	54,18027
34,18418	59,69937
19,88691	78,34592
24,85743	2,48260
20,52527	38,26168
83,95685	48,10652
90,43298	16,45947
33,06495	70,16141
7,52679	80,43852
1,77172	44,45439
99,60881	51,38563
60,91821	86,95215
55,56714	97,55032
61,05609	92,17973
51,68770	99,11620
8,53579	51,97322
21,43739	63,92972
76,18686	62,31658
69,44164	21,59151
50,72975	19,44981
93,36815	87,18567
64,85904	65,51750
31,04139	65,31628
48,36405	68,73393
94,35117	60,14032
59,70347	13,37314
86,38156	67,73070
27,12623	30,84901
23,67492	53,37243
36,73205	24,73280
1,65887	58,28966
53,79049	29,76238
48,00256	37,82080
53,18830	97,72951
6,03172	6,20343
65,05050	21,58864
78,32019	51,90042
12,38175	93,21250
39,18920	91,79277
28,99977	39,92706
94,08356	52,58488
98,08399	0,29026
23,65758	3,41176
44,33790	80,53607
0,89146	14,90785
46,06461	79,68735
10,67256	86,89128
7,38084	83,54816
33,01382	69,33692
45,34526	5,61807
73,44529	99,45646
1,95314	96,42810
37,10265	91,47283
86,74968	51,88003
46,65024	45,07109
92,24047	25,87768
98,41398	83,52738
1,32819	92,87091
35,96327	93,16210
23,68043	11,89018
95,86893	12,03286
56,23440	15,23134
46,47771	7,67743
61,96985	82,15758
97,28200	91,23647
0,63259	60,81725
3,82688	38,43014
25,26663	70,03367
31,08471	26,63253
79,21361	46,70454
66,84090	51,68207
89,66433	4,25621
95,87273	58,08586
55,89759	32,92949
55,56620	1,92020
73,01756	3,63126
94,10466	66,99931
15,30160	33,66778
43,47554	71,77863
27,19632	34,88277
1,28049	36,97859
34,55024	92,55544
87,69697	32,05952
93,84747	16,87055
6,92797	82,44754
43,00740	67,85468
96,08963	98,80606
3,74130	79,37988
88,72491	84,66702
12,50733	98,16794
54,99463	89,38044
24,78157	9,68564
6,08566	99,61041
45,66305	44,40303
66,48909	4,50023
88,75689	45,09434
24,53976	27,14897
54,83029	28,69268
68,97150	88,18603
51,91174	94,66698
7,23102	56,00017
49,30509	15,97159
39,90647	42,57366
69,41517	98,32598
34,86500	23,89198
73,33319	8,91401
4,55706	99,54393
88,80534	56,54926
40,43320	57,39646
62,50921	51,93507
99,53279	76,12329
92,48802	88,85462
70,04191	80,88563
11,14396	64,95898
64,98139	65,60818
44,36714	4,27748
6,17393	9,06272
68,17787	52,65717
64,25257	41,36652
20,68561	92,04519
14,71134	62,52208
4,21862	59,85951
54,86173	75,26928
30,15438	65,65105
2,04731	70,79072
17,28125	68,84180
59,58192	97,70527
53,44805	18,53095
93,61515	52,30467
69,80871	59,19258
11,49211	51,13235
57,14498	74,54614
70,16280	85,77329
74,55113	75,96239
71,80977	14,11816
62,19014	41,47484
23,10069	12,38465
71,88180	76,79866
44,33618	97,82338
71,95883	0,71610
15,25129	33,30510
66,12805	53,76932
35,34223	41,88088
89,99924	91,40896
58,32841	91,92609
13,49518	50,57822
32,72314	61,62363
82,53224	72,16994
43,47430	55,31157
79,16149	20,87554
3,25008	23,61467
65,78625	68,65217
86,18273	34,29881
6,12263	98,36632
31,74677	51,43217
23,24552	40,12905
71,93629	6,70599
63,36325	74,42019
51,01938	88,66284
82,88978	23,30583
13,88581	33,09956
65,93430	3,88543
36,36760	71,05653
9,50362	36,56197
58,90017	79,57461
84,51386	84,81051
63,50522	84,79556
92,13337	52,82764
3,31464	87,00122
87,02979	82,77627
53,71821	12,83145
31,77000	74,29731
4,70581	51,19004
79,92225	95,54173
55,08854	96,24263
59,33585	67,18362
1,02119	3,43019
41,62427	78,70683
33,61169	62,56581
39,05353	39,71476
73,39179	5,85260
65,83842	78,09512
73,03618	98,05451
37,27490	71,57822
13,95561	1,07188
57,18778	39,55951
7,25311	65,81763
61,84856	28,01432
85,02023	80,55993
46,81928	91,91428
34,06390	96,79133
2,10362	16,76252
80,89269	61,20432
20,53762	23,69639
84,15428	5,49724
24,52814	71,06353
28,70470	84,50464
77,04768	99,45934
44,10272	7,54018
4,22029	66,92062
89,56134	77,85991
58,88390	86,30256
57,25147	40,79853
97,19028	7,82292
46,34135	42,40015
23,60442	86,33951
51,26819	17,26036
83,59128	35,13411
89,47723	56,81530
47,82821	95,80770
66,22641	57,45838
36,95743	47,34950
37,04310	11,63457
81,69352	36,52360
82,03293	84,45693
99,52701	36,42464
50,47860	13,40934
96,31537	30,38568
69,03026	79,34415
68,72902	74,37852
32,27694	23,25279
91,82058	12,62870
10,60221	25,18225
24,91111	8,37468
16,96509	19,18927
58,53832	4,53230
71,61084	91,36936
55,38718	47,48315
91,70443	96,76668
8,92421	91,28707
11,49272	35,36569
54,88264	49,32638
7,83979	47,38488
22,79624	75,72121
65,84290	23,73745
7,45551	39,81247
69,72523	78,79332
73,46063	3,59099
45,31439	99,47147
79,97148	24,15851
12,15439	67,21095
27,30561	81,13790
25,66156	47,51368
82,21105	72,40749
2,72385	55,52154
34,44142	30,61594
27,75540	35,48465
73,68684	87,64159
30,45741	36,99769
52,96455	54,49184
11,39885	31,52517
22,24933	90,09530
67,01946	89,00637
74,42434	4,02168
31,77029	26,22517
44,55888	75,37112
11,84564	46,14940
43,07019	72,90672
32,32336	10,58899
83,50256	29,96138
57,51883	27,29178
86,45731	61,73170
72,97118	86,99011
2,63345	12,27891
36,71863	55,93118
99,98926	83,88885
17,38309	15,06854
2,71096	32,40000
37,07243	38,36149
52,97547	8,69053
28,22214	19,52398
90,41997	88,72257
95,23631	89,08382
8,78166	62,37370
44,15131	11,75784
54,34716	44,74278
6,53363	17,91786
76,65148	32,69943
37,43669	2,31722
28,29245	54,15314
11,47980	18,26679
37,77734	47,85046
75,97567	6,09412
46,99382	67,46533
45,52102	20,98897
13,19877	25,33000
38,57838	67,23278
24,34360	78,36076
63,31529	3,32934
66,10612	11,56486
57,33033	55,69847
9,17426	92,97205
73,88386	67,36382
56,12807	57,91606
85,86455	12,46080
98,69206	30,29856
47,96103	27,40977
88,18078	3,80004
17,37127	45,24457
14,63631	86,95906
83,87069	70,85560
23,45700	62,62357
1,17319	1,80149
72,24282	24,48466
43,25749	81,86277
45,13320	31,23554
31,69470	72,65564
97,08923	62,35521
93,00099	42,39314
96,37277	68,59868
8,65289	0,27607
69,90070	84,98220
14,64065	50,01495
33,20362	14,38444
92,29866	96,62941
4,39380	95,84128
67,64005	16,94046
59,84803	43,19399
2,53600	96,06585
88,23696	76,95764
17,81833	39,74841
39,08310	75,10866
35,74761	95,49134
42,20546	36,94724
67,27691	54,24444
95,20984	88,27280
98,15484	58,77947
77,60909	55,81709
47,14978	14,91253
52,20899	4,21226
79,54031	87,37582
57,07069	59,72768
59,50540	63,41066
74,66177	41,59159
16,16106	84,04820
88,73363	83,92075
79,72827	75,56380
4,01363	59,11305
16,68067	61,73563
8,97638	7,01535
55,70842	1,30730
7,75913	33,26062
49,94813	74,44943
33,71223	64,87557
65,16688	37,03386
84,12613	41,59213
18,45187	72,17941
83,35244	77,25282
17,44521	94,79720
89,83730	47,28256
66,27694	6,75826
11,51074	45,40595
11,08737	57,82555
83,52724	5,62171
95,39346	40,63737
92,52749	3,90227
83,54183	36,79805
2,39317	38,16936
89,10455	35,52716
47,89148	34,80259
14,31223	66,33723
14,65742	45,27097
66,48173	22,85501
16,63762	77,43342
67,88470	6,17069
15,41981	52,63718
16,61606	82,99390
99,79857	91,94947
87,75979	36,41508
58,47801	12,69007
86,51306	85,21505
33,98840	59,88953
77,91739	61,43553
41,69413	6,37948
21,45955	65,31742
74,19651	29,92894
33,04252	61,73364
88,48546	16,17231
81,69053	42,88745
90,86989	42,03163
3,84034	58,31713
93,01772	65,91818
84,18424	5,14197
11,36175	88,20500
8,76836	79,00440
21,67876	48,29432
43,41355	9,30754
60,82486	93,06073
28,51392	41,11687
88,41088	85,53301
9,88170	80,48929
82,62745	22,38457
44,54531	90,01257
46,48000	94,13453
30,27069	6,98234
43,37007	52,91831
8,06441	57,91374
64,25964	49,26895
78,03023	59,97900
52,58135	61,55705
50,68905	32,48192
77,60799	69,56963
28,23559	89,62489
52,17077	17,16483
73,19329	49,59330
36,41605	68,02180
75,54230	74,37699
55,71679	83,21186
73,63366	49,76779
87,90507	39,64919
19,06598	25,61684
42,66818	64,43636
1,18950	62,70470
64,25145	81,70188
63,01523	74,47205
37,53684	55,73420
47,04557	9,37821
67,11700	67,04847
6,90591	92,79908
29,16025	76,47943
8,64495	36,14589
66,66301	16,47583
24,18484	25,28060
10,11153	98,47889
88,64054	20,32313
57,62598	40,59927
53,09100	34,59047
41,33543	0,76392
14,87306	11,67692
40,03328	47,08659
48,58241	86,57947
72,08821	9,42237
92,70385	99,29180
17,13684	33,89891
69,15688	27,43483
70,25964	5,67407
26,03049	18,26136
28,14293	14,25145
97,39458	29,76691
43,15512	10,39276
68,31348	35,65825
58,31630	43,99745
18,05073	9,57587
53,81629	78,27770
89,94194	80,23588
94,03660	47,13826
2,52648	41,05166
62,95793	59,87812
73,26660	5,31493
15,38540	60,16285
73,54599	21,16039
51,59953	14,67347
71,62814	99,30787
43,84183	40,91972
48,86803	60,97017
4,46955	83,41280
93,70902	83,33443
87,66498	12,72443
87,86009	5,66956
59,26050	52,91628
99,53690	60,38134
52,54121	39,40587
89,76319	10,23190
51,81299	71,54192
19,46784	5,45937
10,07442	51,99433
17,47544	22,67830
12,30682	98,52084
32,47732	11,21077
41,69755	72,75462
45,68255	51,89284
92,53735	95,36395
65,08725	28,42035
0,58332	7,26718
57,16343	21,94278
29,35511	92,54333
97,25713	65,88319
59,13228	0,26049
36,09887	39,85706
74,34696	89,65144
86,56740	39,08215
34,61651	75,89782
32,21162	28,81615
44,83673	72,24117
47,02316	82,12839
10,55686	8,22139
94,56584	3,70643
76,28363	53,54993
43,80640	62,41788
96,41201	92,45722
98,85406	90,99222
81,15652	74,31095
90,30485	62,45717
93,15741	12,88360
16,99994	19,85846
44,36202	18,85483
58,74549	18,31141
57,33222	27,96647
2,90468	36,57742
10,30482	30,70448
40,76104	29,12784
81,13242	18,46479
93,16545	19,05225
41,65813	35,86662
19,21730	77,18784
31,12818	69,20892
46,59384	93,49081
54,92247	7,02292
37,62974	22,94069
13,18360	80,25530
71,36250	80,16260
62,85095	26,82399
78,49723	64,47212
56,15701	28,12043
13,60803	20,19221
78,81905	33,48913
86,88113	75,86077
31,95986	22,79737
6,31836	60,34219
63,21720	56,91527
0,55795	63,87580
54,55241	31,25777
2,33264	97,73852
16,94414	78,49799
73,07357	7,46860
25,45435	63,14266
40,28179	11,49194
52,07921	72,86785
1,02712	69,51189
18,34834	39,34511
17,29789	33,16806
94,81180	14,74507
91,91289	95,23917
20,35477	89,18778
67,32049	33,05948
0,70590	59,11583
33,84805	36,83785
72,55578	46,89866
68,82790	24,21313
87,37811	27,93316
53,51465	68,64896
77,34664	43,08797
30,82177	11,16572
14,66695	61,54569
73,64367	82,42674
65,19267	11,92944
30,89283	35,34068
67,37188	18,05717
6,36963	77,11114
38,36980	59,74900
4,19622	94,05955
20,63998	28,82019
43,78351	82,56641
34,26690	65,72415
7,16419	35,12102
93,07844	43,26696
32,01241	81,73885
75,82799	10,39702
4,78463	53,90070
17,67102	21,28035
40,15386	20,68691
1,71249	52,70420
55,27327	44,92479
85,57660	56,30845
60,39304	20,93667
93,75160	1,22669
90,96793	84,87071
42,88793	37,42552
0,63101	33,61596
44,27890	50,36280
19,27268	48,94792
45,42869	83,54273
55,95193	99,82012
30,91347	77,12737
92,48033	87,61197
1,66706	7,97161
70,25767	6,66259
91,37338	19,28027
20,30104	15,56485
58,82377	96,54339
24,39771	53,46341
15,89791	80,48742
23,92553	89,99499
12,25300	7,48747
12,12249	67,52886
99,85654	33,21739
55,45074	80,00974
43,17394	26,27191
90,18843	33,97519
24,12276	15,07667
31,49612	54,21371
14,83145	33,60935
13,94267	29,04975
55,79100	39,28691
54,83889	38,38590
82,16375	69,83121
94,71565	71,40250
86,81460	65,00698
22,89602	20,20894
95,05524	3,83351
40,34974	30,76112
53,14316	98,20322
46,88139	3,00332
0,25281	39,79731
65,19186	58,46282
1,93715	18,77092
30,46610	35,41999
72,02343	19,88694
80,87847	29,29588
99,43814	54,61006
81,77005	69,04428
26,63145	6,12913
4,24086	9,10427
97,07266	48,35862
57,51296	20,86434
0,71356	49,67621
43,65888	87,60819
98,36777	87,48642
63,15293	42,55719
98,62954	80,65640
50,19139	40,89390
94,25659	93,45271
57,84072	23,54553
38,86706	76,81446
44,81134	13,02583
59,35178	90,63058
38,01773	79,77843
54,57843	94,14569
58,07381	31,23411
26,76525	0,70138
98,48605	5,18905
28,32770	67,72650
43,54491	94,13072
84,05205	33,22220
94,77838	87,78241
66,12598	15,94459
51,31994	97,40723
57,85671	68,06959
55,65629	17,30650
40,83327	6,33201
72,95867	86,46751
79,84006	50,46261
19,56467	36,45970
60,00483	66,20399
94,16602	50,44819
51,46474	44,26836
93,87066	12,58775
38,26030	46,30694
16,54625	97,08035
50,21739	14,29315
60,71508	31,82332
79,25362	70,67850
34,75875	72,84531
44,84588	33,26227
78,30460	42,62131
97,32193	30,92296
80,40352	17,87774
12,18939	34,19175
51,47266	0,64311
33,89150	8,10500
68,96456	70,06926
73,17972	53,85498
70,33732	91,94275
48,71893	30,46505
11,13926	57,82552
90,59193	38,04749
40,88415	36,40829
91,04564	0,15926
74,88187	45,93009
96,12220	4,35295
56,30235	98,41135
80,74382	47,22726
9,48917	23,96801
39,37138	83,11343
82,90209	56,61811
54,53197	93,99081
68,05659	51,76243
76,31207	82,30726
59,44131	9,91475
57,33812	38,08654
89,63277	1,27721
39,81756	47,03740
33,69011	21,40057
83,88894	87,33578
27,40069	59,43878
59,83055	9,33356
85,06075	27,40181
0,60272	4,65472
34,21364	81,33023
25,74997	48,97113
7,13144	63,45939
2,86451	46,20796
41,81390	8,21095
8,61395	11,01014
48,89214	84,24361
87,76139	1,00862
95,06261	89,81474
85,65700	50,75727
38,54034	79,34900
47,35616	65,16801
27,50853	75,37963
34,81962	1,85410
38,65501	11,92246
12,57739	8,99826
89,62421	62,86257
91,78841	88,19471
6,57687	32,07768
2,80413	20,17069
66,03744	20,79202
87,14484	25,37572
58,82312	42,04917
61,22326	31,13326
43,08616	22,21154
6,20079	82,38196
63,36463	15,03885
81,03771	63,99029
13,02510	55,16769
39,09896	99,21086
8,59389	94,70839
