36,16542	58,25181
58,48089	29,22523
98,94190	78,76640
84,97585	91,35812
70,19659	56,44425
43,87515	74,88756
75,26798	82,62236
79,03390	47,54388
3,23464	73,56495
15,25307	27,20579
85,27237	85,98956
78,94563	51,03345
78,06779	8,10322
53,27360	9,40155
39,16895	62,66298
78,31808	92,71886
44,92288	4,37597
65,92637	52,83420
81,04476	80,37976
23,58745	24,96679
30,88265	49,59462
72,01908	90,96258
97,08654	24,41517
97,10666	90,16597
18,65975	6,50952
98,41620	0,31009
87,26547	37,41994
83,71081	17,56679
24,18052	74,20979
11,73188	62,26087
52,43326	30,57720
3,96350	24,74129
87,43170	94,65687
30,18045	44,51558
73,78281	46,15711
22,28720	84,99163
16,02323	47,52982
86,28746	26,03465
86,62639	76,54737
63,18074	47,03515
45,92025	0,96050
36,16443	14,29716
75,44475	69,83766
93,72712	18,29419
8,79738	10,73676
36,05049	28,70363
42,15987	77,03607
55,59474	48,11878
20,46847	85,55182
31,82393	48,95064
24,58495	20,99591
54,73513	72,27029
29,84489	60,87785
32,18694	52,20553
67,00433	92,13072
41,98033	4,99419
92,87552	49,04202
61,22643	87,90929
69,83680	0,99575
42,74312	90,01008
60,92157	58,08298
11,05436	64,03572
70,33523	42,81406
19,02306	46,74706
98,01931	96,96606
40,23041	43,63505
31,27567	54,02531
71,92165	73,15258
66,48391	9,73518
88,67028	75,49005
39,58916	65,93538
17,86961	91,40290
45,30737	6,17971
4,74279	7,71291
41,88921	85,54493
96,76942	47,84330
70,80391	81,59429
5,25869	58,11078
68,84821	58,63504
95,25634	3,48617
13,95569	43,20983
14,05454	40,14839
25,37583	95,18809
93,28088	76,39502
33,91211	85,87376
49,87467	68,33560
48,55252	62,22195
67,21597	22,28267
72,09585	84,55768
59,25433	91,86817
60,27129	74,11559
7,69194	64,65166
76,36866	96,27053
15,10720	30,34982
66,54089	35,50434
35,36234	10,80498
69,71016	88,95539
26,72038	10,42376
80,40341	16,82277
22,80386	15,05533
